   1.0000000000000000        1.0000000000000000        1.0000000000000000     
   1.0000000000000000        1.0000000000000000        3.0000000000000000     
   1.0000000000000000        1.0000000000000000        5.0000000000000000     
   1.0000000000000000        1.0000000000000000        7.0000000000000000     
   1.0000000000000000        1.0000000000000000        9.0000000000000000     
   1.0000000000000000        1.0000000000000000        11.000000000000000     
   1.0000000000000000        1.0000000000000000        13.000000000000000     
   1.0000000000000000        1.0000000000000000        15.000000000000000     
   1.0000000000000000        1.0000000000000000        17.000000000000000     
   1.0000000000000000        1.0000000000000000        19.000000000000000     
   1.0000000000000000        3.0000000000000000        1.0000000000000000     
   1.0000000000000000        3.0000000000000000        3.0000000000000000     
   1.0000000000000000        3.0000000000000000        5.0000000000000000     
   1.0000000000000000        3.0000000000000000        7.0000000000000000     
   1.0000000000000000        3.0000000000000000        9.0000000000000000     
   1.0000000000000000        3.0000000000000000        11.000000000000000     
   1.0000000000000000        3.0000000000000000        13.000000000000000     
   1.0000000000000000        3.0000000000000000        15.000000000000000     
   1.0000000000000000        3.0000000000000000        17.000000000000000     
   1.0000000000000000        3.0000000000000000        19.000000000000000     
   1.0000000000000000        5.0000000000000000        1.0000000000000000     
   1.0000000000000000        5.0000000000000000        3.0000000000000000     
   1.0000000000000000        5.0000000000000000        5.0000000000000000     
   1.0000000000000000        5.0000000000000000        7.0000000000000000     
   1.0000000000000000        5.0000000000000000        9.0000000000000000     
   1.0000000000000000        5.0000000000000000        11.000000000000000     
   1.0000000000000000        5.0000000000000000        13.000000000000000     
   1.0000000000000000        5.0000000000000000        15.000000000000000     
   1.0000000000000000        5.0000000000000000        17.000000000000000     
   1.0000000000000000        5.0000000000000000        19.000000000000000     
   1.0000000000000000        7.0000000000000000        1.0000000000000000     
   1.0000000000000000        7.0000000000000000        3.0000000000000000     
   1.0000000000000000        7.0000000000000000        5.0000000000000000     
   1.0000000000000000        7.0000000000000000        7.0000000000000000     
   1.0000000000000000        7.0000000000000000        9.0000000000000000     
   1.0000000000000000        7.0000000000000000        11.000000000000000     
   1.0000000000000000        7.0000000000000000        13.000000000000000     
   1.0000000000000000        7.0000000000000000        15.000000000000000     
   1.0000000000000000        7.0000000000000000        17.000000000000000     
   1.0000000000000000        7.0000000000000000        19.000000000000000     
   1.0000000000000000        9.0000000000000000        1.0000000000000000     
   1.0000000000000000        9.0000000000000000        3.0000000000000000     
   1.0000000000000000        9.0000000000000000        5.0000000000000000     
   1.0000000000000000        9.0000000000000000        7.0000000000000000     
   1.0000000000000000        9.0000000000000000        9.0000000000000000     
   1.0000000000000000        9.0000000000000000        11.000000000000000     
   1.0000000000000000        9.0000000000000000        13.000000000000000     
   1.0000000000000000        9.0000000000000000        15.000000000000000     
   1.0000000000000000        9.0000000000000000        17.000000000000000     
   1.0000000000000000        9.0000000000000000        19.000000000000000     
   1.0000000000000000        11.000000000000000        1.0000000000000000     
   1.0000000000000000        11.000000000000000        3.0000000000000000     
   1.0000000000000000        11.000000000000000        5.0000000000000000     
   1.0000000000000000        11.000000000000000        7.0000000000000000     
   1.0000000000000000        11.000000000000000        9.0000000000000000     
   1.0000000000000000        11.000000000000000        11.000000000000000     
   1.0000000000000000        11.000000000000000        13.000000000000000     
   1.0000000000000000        11.000000000000000        15.000000000000000     
   1.0000000000000000        11.000000000000000        17.000000000000000     
   1.0000000000000000        11.000000000000000        19.000000000000000     
   1.0000000000000000        13.000000000000000        1.0000000000000000     
   1.0000000000000000        13.000000000000000        3.0000000000000000     
   1.0000000000000000        13.000000000000000        5.0000000000000000     
   1.0000000000000000        13.000000000000000        7.0000000000000000     
   1.0000000000000000        13.000000000000000        9.0000000000000000     
   1.0000000000000000        13.000000000000000        11.000000000000000     
   1.0000000000000000        13.000000000000000        13.000000000000000     
   1.0000000000000000        13.000000000000000        15.000000000000000     
   1.0000000000000000        13.000000000000000        17.000000000000000     
   1.0000000000000000        13.000000000000000        19.000000000000000     
   1.0000000000000000        15.000000000000000        1.0000000000000000     
   1.0000000000000000        15.000000000000000        3.0000000000000000     
   1.0000000000000000        15.000000000000000        5.0000000000000000     
   1.0000000000000000        15.000000000000000        7.0000000000000000     
   1.0000000000000000        15.000000000000000        9.0000000000000000     
   1.0000000000000000        15.000000000000000        11.000000000000000     
   1.0000000000000000        15.000000000000000        13.000000000000000     
   1.0000000000000000        15.000000000000000        15.000000000000000     
   1.0000000000000000        15.000000000000000        17.000000000000000     
   1.0000000000000000        15.000000000000000        19.000000000000000     
   1.0000000000000000        17.000000000000000        1.0000000000000000     
   1.0000000000000000        17.000000000000000        3.0000000000000000     
   1.0000000000000000        17.000000000000000        5.0000000000000000     
   1.0000000000000000        17.000000000000000        7.0000000000000000     
   1.0000000000000000        17.000000000000000        9.0000000000000000     
   1.0000000000000000        17.000000000000000        11.000000000000000     
   1.0000000000000000        17.000000000000000        13.000000000000000     
   1.0000000000000000        17.000000000000000        15.000000000000000     
   1.0000000000000000        17.000000000000000        17.000000000000000     
   1.0000000000000000        17.000000000000000        19.000000000000000     
   1.0000000000000000        19.000000000000000        1.0000000000000000     
   1.0000000000000000        19.000000000000000        3.0000000000000000     
   1.0000000000000000        19.000000000000000        5.0000000000000000     
   1.0000000000000000        19.000000000000000        7.0000000000000000     
   1.0000000000000000        19.000000000000000        9.0000000000000000     
   1.0000000000000000        19.000000000000000        11.000000000000000     
   1.0000000000000000        19.000000000000000        13.000000000000000     
   1.0000000000000000        19.000000000000000        15.000000000000000     
   1.0000000000000000        19.000000000000000        17.000000000000000     
   1.0000000000000000        19.000000000000000        19.000000000000000     
   3.0000000000000000        1.0000000000000000        1.0000000000000000     
   3.0000000000000000        1.0000000000000000        3.0000000000000000     
   3.0000000000000000        1.0000000000000000        5.0000000000000000     
   3.0000000000000000        1.0000000000000000        7.0000000000000000     
   3.0000000000000000        1.0000000000000000        9.0000000000000000     
   3.0000000000000000        1.0000000000000000        11.000000000000000     
   3.0000000000000000        1.0000000000000000        13.000000000000000     
   3.0000000000000000        1.0000000000000000        15.000000000000000     
   3.0000000000000000        1.0000000000000000        17.000000000000000     
   3.0000000000000000        1.0000000000000000        19.000000000000000     
   3.0000000000000000        3.0000000000000000        1.0000000000000000     
   3.0000000000000000        3.0000000000000000        3.0000000000000000     
   3.0000000000000000        3.0000000000000000        5.0000000000000000     
   3.0000000000000000        3.0000000000000000        7.0000000000000000     
   3.0000000000000000        3.0000000000000000        9.0000000000000000     
   3.0000000000000000        3.0000000000000000        11.000000000000000     
   3.0000000000000000        3.0000000000000000        13.000000000000000     
   3.0000000000000000        3.0000000000000000        15.000000000000000     
   3.0000000000000000        3.0000000000000000        17.000000000000000     
   3.0000000000000000        3.0000000000000000        19.000000000000000     
   3.0000000000000000        5.0000000000000000        1.0000000000000000     
   3.0000000000000000        5.0000000000000000        3.0000000000000000     
   3.0000000000000000        5.0000000000000000        5.0000000000000000     
   3.0000000000000000        5.0000000000000000        7.0000000000000000     
   3.0000000000000000        5.0000000000000000        9.0000000000000000     
   3.0000000000000000        5.0000000000000000        11.000000000000000     
   3.0000000000000000        5.0000000000000000        13.000000000000000     
   3.0000000000000000        5.0000000000000000        15.000000000000000     
   3.0000000000000000        5.0000000000000000        17.000000000000000     
   3.0000000000000000        5.0000000000000000        19.000000000000000     
   3.0000000000000000        7.0000000000000000        1.0000000000000000     
   3.0000000000000000        7.0000000000000000        3.0000000000000000     
   3.0000000000000000        7.0000000000000000        5.0000000000000000     
   3.0000000000000000        7.0000000000000000        7.0000000000000000     
   3.0000000000000000        7.0000000000000000        9.0000000000000000     
   3.0000000000000000        7.0000000000000000        11.000000000000000     
   3.0000000000000000        7.0000000000000000        13.000000000000000     
   3.0000000000000000        7.0000000000000000        15.000000000000000     
   3.0000000000000000        7.0000000000000000        17.000000000000000     
   3.0000000000000000        7.0000000000000000        19.000000000000000     
   3.0000000000000000        9.0000000000000000        1.0000000000000000     
   3.0000000000000000        9.0000000000000000        3.0000000000000000     
   3.0000000000000000        9.0000000000000000        5.0000000000000000     
   3.0000000000000000        9.0000000000000000        7.0000000000000000     
   3.0000000000000000        9.0000000000000000        9.0000000000000000     
   3.0000000000000000        9.0000000000000000        11.000000000000000     
   3.0000000000000000        9.0000000000000000        13.000000000000000     
   3.0000000000000000        9.0000000000000000        15.000000000000000     
   3.0000000000000000        9.0000000000000000        17.000000000000000     
   3.0000000000000000        9.0000000000000000        19.000000000000000     
   3.0000000000000000        11.000000000000000        1.0000000000000000     
   3.0000000000000000        11.000000000000000        3.0000000000000000     
   3.0000000000000000        11.000000000000000        5.0000000000000000     
   3.0000000000000000        11.000000000000000        7.0000000000000000     
   3.0000000000000000        11.000000000000000        9.0000000000000000     
   3.0000000000000000        11.000000000000000        11.000000000000000     
   3.0000000000000000        11.000000000000000        13.000000000000000     
   3.0000000000000000        11.000000000000000        15.000000000000000     
   3.0000000000000000        11.000000000000000        17.000000000000000     
   3.0000000000000000        11.000000000000000        19.000000000000000     
   3.0000000000000000        13.000000000000000        1.0000000000000000     
   3.0000000000000000        13.000000000000000        3.0000000000000000     
   3.0000000000000000        13.000000000000000        5.0000000000000000     
   3.0000000000000000        13.000000000000000        7.0000000000000000     
   3.0000000000000000        13.000000000000000        9.0000000000000000     
   3.0000000000000000        13.000000000000000        11.000000000000000     
   3.0000000000000000        13.000000000000000        13.000000000000000     
   3.0000000000000000        13.000000000000000        15.000000000000000     
   3.0000000000000000        13.000000000000000        17.000000000000000     
   3.0000000000000000        13.000000000000000        19.000000000000000     
   3.0000000000000000        15.000000000000000        1.0000000000000000     
   3.0000000000000000        15.000000000000000        3.0000000000000000     
   3.0000000000000000        15.000000000000000        5.0000000000000000     
   3.0000000000000000        15.000000000000000        7.0000000000000000     
   3.0000000000000000        15.000000000000000        9.0000000000000000     
   3.0000000000000000        15.000000000000000        11.000000000000000     
   3.0000000000000000        15.000000000000000        13.000000000000000     
   3.0000000000000000        15.000000000000000        15.000000000000000     
   3.0000000000000000        15.000000000000000        17.000000000000000     
   3.0000000000000000        15.000000000000000        19.000000000000000     
   3.0000000000000000        17.000000000000000        1.0000000000000000     
   3.0000000000000000        17.000000000000000        3.0000000000000000     
   3.0000000000000000        17.000000000000000        5.0000000000000000     
   3.0000000000000000        17.000000000000000        7.0000000000000000     
   3.0000000000000000        17.000000000000000        9.0000000000000000     
   3.0000000000000000        17.000000000000000        11.000000000000000     
   3.0000000000000000        17.000000000000000        13.000000000000000     
   3.0000000000000000        17.000000000000000        15.000000000000000     
   3.0000000000000000        17.000000000000000        17.000000000000000     
   3.0000000000000000        17.000000000000000        19.000000000000000     
   3.0000000000000000        19.000000000000000        1.0000000000000000     
   3.0000000000000000        19.000000000000000        3.0000000000000000     
   3.0000000000000000        19.000000000000000        5.0000000000000000     
   3.0000000000000000        19.000000000000000        7.0000000000000000     
   3.0000000000000000        19.000000000000000        9.0000000000000000     
   3.0000000000000000        19.000000000000000        11.000000000000000     
   3.0000000000000000        19.000000000000000        13.000000000000000     
   3.0000000000000000        19.000000000000000        15.000000000000000     
   3.0000000000000000        19.000000000000000        17.000000000000000     
   3.0000000000000000        19.000000000000000        19.000000000000000     
   5.0000000000000000        1.0000000000000000        1.0000000000000000     
   5.0000000000000000        1.0000000000000000        3.0000000000000000     
   5.0000000000000000        1.0000000000000000        5.0000000000000000     
   5.0000000000000000        1.0000000000000000        7.0000000000000000     
   5.0000000000000000        1.0000000000000000        9.0000000000000000     
   5.0000000000000000        1.0000000000000000        11.000000000000000     
   5.0000000000000000        1.0000000000000000        13.000000000000000     
   5.0000000000000000        1.0000000000000000        15.000000000000000     
   5.0000000000000000        1.0000000000000000        17.000000000000000     
   5.0000000000000000        1.0000000000000000        19.000000000000000     
   5.0000000000000000        3.0000000000000000        1.0000000000000000     
   5.0000000000000000        3.0000000000000000        3.0000000000000000     
   5.0000000000000000        3.0000000000000000        5.0000000000000000     
   5.0000000000000000        3.0000000000000000        7.0000000000000000     
   5.0000000000000000        3.0000000000000000        9.0000000000000000     
   5.0000000000000000        3.0000000000000000        11.000000000000000     
   5.0000000000000000        3.0000000000000000        13.000000000000000     
   5.0000000000000000        3.0000000000000000        15.000000000000000     
   5.0000000000000000        3.0000000000000000        17.000000000000000     
   5.0000000000000000        3.0000000000000000        19.000000000000000     
   5.0000000000000000        5.0000000000000000        1.0000000000000000     
   5.0000000000000000        5.0000000000000000        3.0000000000000000     
   5.0000000000000000        5.0000000000000000        5.0000000000000000     
   5.0000000000000000        5.0000000000000000        7.0000000000000000     
   5.0000000000000000        5.0000000000000000        9.0000000000000000     
   5.0000000000000000        5.0000000000000000        11.000000000000000     
   5.0000000000000000        5.0000000000000000        13.000000000000000     
   5.0000000000000000        5.0000000000000000        15.000000000000000     
   5.0000000000000000        5.0000000000000000        17.000000000000000     
   5.0000000000000000        5.0000000000000000        19.000000000000000     
   5.0000000000000000        7.0000000000000000        1.0000000000000000     
   5.0000000000000000        7.0000000000000000        3.0000000000000000     
   5.0000000000000000        7.0000000000000000        5.0000000000000000     
   5.0000000000000000        7.0000000000000000        7.0000000000000000     
   5.0000000000000000        7.0000000000000000        9.0000000000000000     
   5.0000000000000000        7.0000000000000000        11.000000000000000     
   5.0000000000000000        7.0000000000000000        13.000000000000000     
   5.0000000000000000        7.0000000000000000        15.000000000000000     
   5.0000000000000000        7.0000000000000000        17.000000000000000     
   5.0000000000000000        7.0000000000000000        19.000000000000000     
   5.0000000000000000        9.0000000000000000        1.0000000000000000     
   5.0000000000000000        9.0000000000000000        3.0000000000000000     
   5.0000000000000000        9.0000000000000000        5.0000000000000000     
   5.0000000000000000        9.0000000000000000        7.0000000000000000     
   5.0000000000000000        9.0000000000000000        9.0000000000000000     
   5.0000000000000000        9.0000000000000000        11.000000000000000     
   5.0000000000000000        9.0000000000000000        13.000000000000000     
   5.0000000000000000        9.0000000000000000        15.000000000000000     
   5.0000000000000000        9.0000000000000000        17.000000000000000     
   5.0000000000000000        9.0000000000000000        19.000000000000000     
   5.0000000000000000        11.000000000000000        1.0000000000000000     
   5.0000000000000000        11.000000000000000        3.0000000000000000     
   5.0000000000000000        11.000000000000000        5.0000000000000000     
   5.0000000000000000        11.000000000000000        7.0000000000000000     
   5.0000000000000000        11.000000000000000        9.0000000000000000     
   5.0000000000000000        11.000000000000000        11.000000000000000     
   5.0000000000000000        11.000000000000000        13.000000000000000     
   5.0000000000000000        11.000000000000000        15.000000000000000     
   5.0000000000000000        11.000000000000000        17.000000000000000     
   5.0000000000000000        11.000000000000000        19.000000000000000     
   5.0000000000000000        13.000000000000000        1.0000000000000000     
   5.0000000000000000        13.000000000000000        3.0000000000000000     
   5.0000000000000000        13.000000000000000        5.0000000000000000     
   5.0000000000000000        13.000000000000000        7.0000000000000000     
   5.0000000000000000        13.000000000000000        9.0000000000000000     
   5.0000000000000000        13.000000000000000        11.000000000000000     
   5.0000000000000000        13.000000000000000        13.000000000000000     
   5.0000000000000000        13.000000000000000        15.000000000000000     
   5.0000000000000000        13.000000000000000        17.000000000000000     
   5.0000000000000000        13.000000000000000        19.000000000000000     
   5.0000000000000000        15.000000000000000        1.0000000000000000     
   5.0000000000000000        15.000000000000000        3.0000000000000000     
   5.0000000000000000        15.000000000000000        5.0000000000000000     
   5.0000000000000000        15.000000000000000        7.0000000000000000     
   5.0000000000000000        15.000000000000000        9.0000000000000000     
   5.0000000000000000        15.000000000000000        11.000000000000000     
   5.0000000000000000        15.000000000000000        13.000000000000000     
   5.0000000000000000        15.000000000000000        15.000000000000000     
   5.0000000000000000        15.000000000000000        17.000000000000000     
   5.0000000000000000        15.000000000000000        19.000000000000000     
   5.0000000000000000        17.000000000000000        1.0000000000000000     
   5.0000000000000000        17.000000000000000        3.0000000000000000     
   5.0000000000000000        17.000000000000000        5.0000000000000000     
   5.0000000000000000        17.000000000000000        7.0000000000000000     
   5.0000000000000000        17.000000000000000        9.0000000000000000     
   5.0000000000000000        17.000000000000000        11.000000000000000     
   5.0000000000000000        17.000000000000000        13.000000000000000     
   5.0000000000000000        17.000000000000000        15.000000000000000     
   5.0000000000000000        17.000000000000000        17.000000000000000     
   5.0000000000000000        17.000000000000000        19.000000000000000     
   5.0000000000000000        19.000000000000000        1.0000000000000000     
   5.0000000000000000        19.000000000000000        3.0000000000000000     
   5.0000000000000000        19.000000000000000        5.0000000000000000     
   5.0000000000000000        19.000000000000000        7.0000000000000000     
   5.0000000000000000        19.000000000000000        9.0000000000000000     
   5.0000000000000000        19.000000000000000        11.000000000000000     
   5.0000000000000000        19.000000000000000        13.000000000000000     
   5.0000000000000000        19.000000000000000        15.000000000000000     
   5.0000000000000000        19.000000000000000        17.000000000000000     
   5.0000000000000000        19.000000000000000        19.000000000000000     
   7.0000000000000000        1.0000000000000000        1.0000000000000000     
   7.0000000000000000        1.0000000000000000        3.0000000000000000     
   7.0000000000000000        1.0000000000000000        5.0000000000000000     
   7.0000000000000000        1.0000000000000000        7.0000000000000000     
   7.0000000000000000        1.0000000000000000        9.0000000000000000     
   7.0000000000000000        1.0000000000000000        11.000000000000000     
   7.0000000000000000        1.0000000000000000        13.000000000000000     
   7.0000000000000000        1.0000000000000000        15.000000000000000     
   7.0000000000000000        1.0000000000000000        17.000000000000000     
   7.0000000000000000        1.0000000000000000        19.000000000000000     
   7.0000000000000000        3.0000000000000000        1.0000000000000000     
   7.0000000000000000        3.0000000000000000        3.0000000000000000     
   7.0000000000000000        3.0000000000000000        5.0000000000000000     
   7.0000000000000000        3.0000000000000000        7.0000000000000000     
   7.0000000000000000        3.0000000000000000        9.0000000000000000     
   7.0000000000000000        3.0000000000000000        11.000000000000000     
   7.0000000000000000        3.0000000000000000        13.000000000000000     
   7.0000000000000000        3.0000000000000000        15.000000000000000     
   7.0000000000000000        3.0000000000000000        17.000000000000000     
   7.0000000000000000        3.0000000000000000        19.000000000000000     
   7.0000000000000000        5.0000000000000000        1.0000000000000000     
   7.0000000000000000        5.0000000000000000        3.0000000000000000     
   7.0000000000000000        5.0000000000000000        5.0000000000000000     
   7.0000000000000000        5.0000000000000000        7.0000000000000000     
   7.0000000000000000        5.0000000000000000        9.0000000000000000     
   7.0000000000000000        5.0000000000000000        11.000000000000000     
   7.0000000000000000        5.0000000000000000        13.000000000000000     
   7.0000000000000000        5.0000000000000000        15.000000000000000     
   7.0000000000000000        5.0000000000000000        17.000000000000000     
   7.0000000000000000        5.0000000000000000        19.000000000000000     
   7.0000000000000000        7.0000000000000000        1.0000000000000000     
   7.0000000000000000        7.0000000000000000        3.0000000000000000     
   7.0000000000000000        7.0000000000000000        5.0000000000000000     
   7.0000000000000000        7.0000000000000000        7.0000000000000000     
   7.0000000000000000        7.0000000000000000        9.0000000000000000     
   7.0000000000000000        7.0000000000000000        11.000000000000000     
   7.0000000000000000        7.0000000000000000        13.000000000000000     
   7.0000000000000000        7.0000000000000000        15.000000000000000     
   7.0000000000000000        7.0000000000000000        17.000000000000000     
   7.0000000000000000        7.0000000000000000        19.000000000000000     
   7.0000000000000000        9.0000000000000000        1.0000000000000000     
   7.0000000000000000        9.0000000000000000        3.0000000000000000     
   7.0000000000000000        9.0000000000000000        5.0000000000000000     
   7.0000000000000000        9.0000000000000000        7.0000000000000000     
   7.0000000000000000        9.0000000000000000        9.0000000000000000     
   7.0000000000000000        9.0000000000000000        11.000000000000000     
   7.0000000000000000        9.0000000000000000        13.000000000000000     
   7.0000000000000000        9.0000000000000000        15.000000000000000     
   7.0000000000000000        9.0000000000000000        17.000000000000000     
   7.0000000000000000        9.0000000000000000        19.000000000000000     
   7.0000000000000000        11.000000000000000        1.0000000000000000     
   7.0000000000000000        11.000000000000000        3.0000000000000000     
   7.0000000000000000        11.000000000000000        5.0000000000000000     
   7.0000000000000000        11.000000000000000        7.0000000000000000     
   7.0000000000000000        11.000000000000000        9.0000000000000000     
   7.0000000000000000        11.000000000000000        11.000000000000000     
   7.0000000000000000        11.000000000000000        13.000000000000000     
   7.0000000000000000        11.000000000000000        15.000000000000000     
   7.0000000000000000        11.000000000000000        17.000000000000000     
   7.0000000000000000        11.000000000000000        19.000000000000000     
   7.0000000000000000        13.000000000000000        1.0000000000000000     
   7.0000000000000000        13.000000000000000        3.0000000000000000     
   7.0000000000000000        13.000000000000000        5.0000000000000000     
   7.0000000000000000        13.000000000000000        7.0000000000000000     
   7.0000000000000000        13.000000000000000        9.0000000000000000     
   7.0000000000000000        13.000000000000000        11.000000000000000     
   7.0000000000000000        13.000000000000000        13.000000000000000     
   7.0000000000000000        13.000000000000000        15.000000000000000     
   7.0000000000000000        13.000000000000000        17.000000000000000     
   7.0000000000000000        13.000000000000000        19.000000000000000     
   7.0000000000000000        15.000000000000000        1.0000000000000000     
   7.0000000000000000        15.000000000000000        3.0000000000000000     
   7.0000000000000000        15.000000000000000        5.0000000000000000     
   7.0000000000000000        15.000000000000000        7.0000000000000000     
   7.0000000000000000        15.000000000000000        9.0000000000000000     
   7.0000000000000000        15.000000000000000        11.000000000000000     
   7.0000000000000000        15.000000000000000        13.000000000000000     
   7.0000000000000000        15.000000000000000        15.000000000000000     
   7.0000000000000000        15.000000000000000        17.000000000000000     
   7.0000000000000000        15.000000000000000        19.000000000000000     
   7.0000000000000000        17.000000000000000        1.0000000000000000     
   7.0000000000000000        17.000000000000000        3.0000000000000000     
   7.0000000000000000        17.000000000000000        5.0000000000000000     
   7.0000000000000000        17.000000000000000        7.0000000000000000     
   7.0000000000000000        17.000000000000000        9.0000000000000000     
   7.0000000000000000        17.000000000000000        11.000000000000000     
   7.0000000000000000        17.000000000000000        13.000000000000000     
   7.0000000000000000        17.000000000000000        15.000000000000000     
   7.0000000000000000        17.000000000000000        17.000000000000000     
   7.0000000000000000        17.000000000000000        19.000000000000000     
   7.0000000000000000        19.000000000000000        1.0000000000000000     
   7.0000000000000000        19.000000000000000        3.0000000000000000     
   7.0000000000000000        19.000000000000000        5.0000000000000000     
   7.0000000000000000        19.000000000000000        7.0000000000000000     
   7.0000000000000000        19.000000000000000        9.0000000000000000     
   7.0000000000000000        19.000000000000000        11.000000000000000     
   7.0000000000000000        19.000000000000000        13.000000000000000     
   7.0000000000000000        19.000000000000000        15.000000000000000     
   7.0000000000000000        19.000000000000000        17.000000000000000     
   7.0000000000000000        19.000000000000000        19.000000000000000     
   9.0000000000000000        1.0000000000000000        1.0000000000000000     
   9.0000000000000000        1.0000000000000000        3.0000000000000000     
   9.0000000000000000        1.0000000000000000        5.0000000000000000     
   9.0000000000000000        1.0000000000000000        7.0000000000000000     
   9.0000000000000000        1.0000000000000000        9.0000000000000000     
   9.0000000000000000        1.0000000000000000        11.000000000000000     
   9.0000000000000000        1.0000000000000000        13.000000000000000     
   9.0000000000000000        1.0000000000000000        15.000000000000000     
   9.0000000000000000        1.0000000000000000        17.000000000000000     
   9.0000000000000000        1.0000000000000000        19.000000000000000     
   9.0000000000000000        3.0000000000000000        1.0000000000000000     
   9.0000000000000000        3.0000000000000000        3.0000000000000000     
   9.0000000000000000        3.0000000000000000        5.0000000000000000     
   9.0000000000000000        3.0000000000000000        7.0000000000000000     
   9.0000000000000000        3.0000000000000000        9.0000000000000000     
   9.0000000000000000        3.0000000000000000        11.000000000000000     
   9.0000000000000000        3.0000000000000000        13.000000000000000     
   9.0000000000000000        3.0000000000000000        15.000000000000000     
   9.0000000000000000        3.0000000000000000        17.000000000000000     
   9.0000000000000000        3.0000000000000000        19.000000000000000     
   9.0000000000000000        5.0000000000000000        1.0000000000000000     
   9.0000000000000000        5.0000000000000000        3.0000000000000000     
   9.0000000000000000        5.0000000000000000        5.0000000000000000     
   9.0000000000000000        5.0000000000000000        7.0000000000000000     
   9.0000000000000000        5.0000000000000000        9.0000000000000000     
   9.0000000000000000        5.0000000000000000        11.000000000000000     
   9.0000000000000000        5.0000000000000000        13.000000000000000     
   9.0000000000000000        5.0000000000000000        15.000000000000000     
   9.0000000000000000        5.0000000000000000        17.000000000000000     
   9.0000000000000000        5.0000000000000000        19.000000000000000     
   9.0000000000000000        7.0000000000000000        1.0000000000000000     
   9.0000000000000000        7.0000000000000000        3.0000000000000000     
   9.0000000000000000        7.0000000000000000        5.0000000000000000     
   9.0000000000000000        7.0000000000000000        7.0000000000000000     
   9.0000000000000000        7.0000000000000000        9.0000000000000000     
   9.0000000000000000        7.0000000000000000        11.000000000000000     
   9.0000000000000000        7.0000000000000000        13.000000000000000     
   9.0000000000000000        7.0000000000000000        15.000000000000000     
   9.0000000000000000        7.0000000000000000        17.000000000000000     
   9.0000000000000000        7.0000000000000000        19.000000000000000     
   9.0000000000000000        9.0000000000000000        1.0000000000000000     
   9.0000000000000000        9.0000000000000000        3.0000000000000000     
   9.0000000000000000        9.0000000000000000        5.0000000000000000     
   9.0000000000000000        9.0000000000000000        7.0000000000000000     
   9.0000000000000000        9.0000000000000000        9.0000000000000000     
   9.0000000000000000        9.0000000000000000        11.000000000000000     
   9.0000000000000000        9.0000000000000000        13.000000000000000     
   9.0000000000000000        9.0000000000000000        15.000000000000000     
   9.0000000000000000        9.0000000000000000        17.000000000000000     
   9.0000000000000000        9.0000000000000000        19.000000000000000     
   9.0000000000000000        11.000000000000000        1.0000000000000000     
   9.0000000000000000        11.000000000000000        3.0000000000000000     
   9.0000000000000000        11.000000000000000        5.0000000000000000     
   9.0000000000000000        11.000000000000000        7.0000000000000000     
   9.0000000000000000        11.000000000000000        9.0000000000000000     
   9.0000000000000000        11.000000000000000        11.000000000000000     
   9.0000000000000000        11.000000000000000        13.000000000000000     
   9.0000000000000000        11.000000000000000        15.000000000000000     
   9.0000000000000000        11.000000000000000        17.000000000000000     
   9.0000000000000000        11.000000000000000        19.000000000000000     
   9.0000000000000000        13.000000000000000        1.0000000000000000     
   9.0000000000000000        13.000000000000000        3.0000000000000000     
   9.0000000000000000        13.000000000000000        5.0000000000000000     
   9.0000000000000000        13.000000000000000        7.0000000000000000     
   9.0000000000000000        13.000000000000000        9.0000000000000000     
   9.0000000000000000        13.000000000000000        11.000000000000000     
   9.0000000000000000        13.000000000000000        13.000000000000000     
   9.0000000000000000        13.000000000000000        15.000000000000000     
   9.0000000000000000        13.000000000000000        17.000000000000000     
   9.0000000000000000        13.000000000000000        19.000000000000000     
   9.0000000000000000        15.000000000000000        1.0000000000000000     
   9.0000000000000000        15.000000000000000        3.0000000000000000     
   9.0000000000000000        15.000000000000000        5.0000000000000000     
   9.0000000000000000        15.000000000000000        7.0000000000000000     
   9.0000000000000000        15.000000000000000        9.0000000000000000     
   9.0000000000000000        15.000000000000000        11.000000000000000     
   9.0000000000000000        15.000000000000000        13.000000000000000     
   9.0000000000000000        15.000000000000000        15.000000000000000     
   9.0000000000000000        15.000000000000000        17.000000000000000     
   9.0000000000000000        15.000000000000000        19.000000000000000     
   9.0000000000000000        17.000000000000000        1.0000000000000000     
   9.0000000000000000        17.000000000000000        3.0000000000000000     
   9.0000000000000000        17.000000000000000        5.0000000000000000     
   9.0000000000000000        17.000000000000000        7.0000000000000000     
   9.0000000000000000        17.000000000000000        9.0000000000000000     
   9.0000000000000000        17.000000000000000        11.000000000000000     
   9.0000000000000000        17.000000000000000        13.000000000000000     
   9.0000000000000000        17.000000000000000        15.000000000000000     
   9.0000000000000000        17.000000000000000        17.000000000000000     
   9.0000000000000000        17.000000000000000        19.000000000000000     
   9.0000000000000000        19.000000000000000        1.0000000000000000     
   9.0000000000000000        19.000000000000000        3.0000000000000000     
   9.0000000000000000        19.000000000000000        5.0000000000000000     
   9.0000000000000000        19.000000000000000        7.0000000000000000     
   9.0000000000000000        19.000000000000000        9.0000000000000000     
   9.0000000000000000        19.000000000000000        11.000000000000000     
   9.0000000000000000        19.000000000000000        13.000000000000000     
   9.0000000000000000        19.000000000000000        15.000000000000000     
   9.0000000000000000        19.000000000000000        17.000000000000000     
   9.0000000000000000        19.000000000000000        19.000000000000000     
   11.000000000000000        1.0000000000000000        1.0000000000000000     
   11.000000000000000        1.0000000000000000        3.0000000000000000     
   11.000000000000000        1.0000000000000000        5.0000000000000000     
   11.000000000000000        1.0000000000000000        7.0000000000000000     
   11.000000000000000        1.0000000000000000        9.0000000000000000     
   11.000000000000000        1.0000000000000000        11.000000000000000     
   11.000000000000000        1.0000000000000000        13.000000000000000     
   11.000000000000000        1.0000000000000000        15.000000000000000     
   11.000000000000000        1.0000000000000000        17.000000000000000     
   11.000000000000000        1.0000000000000000        19.000000000000000     
   11.000000000000000        3.0000000000000000        1.0000000000000000     
   11.000000000000000        3.0000000000000000        3.0000000000000000     
   11.000000000000000        3.0000000000000000        5.0000000000000000     
   11.000000000000000        3.0000000000000000        7.0000000000000000     
   11.000000000000000        3.0000000000000000        9.0000000000000000     
   11.000000000000000        3.0000000000000000        11.000000000000000     
   11.000000000000000        3.0000000000000000        13.000000000000000     
   11.000000000000000        3.0000000000000000        15.000000000000000     
   11.000000000000000        3.0000000000000000        17.000000000000000     
   11.000000000000000        3.0000000000000000        19.000000000000000     
   11.000000000000000        5.0000000000000000        1.0000000000000000     
   11.000000000000000        5.0000000000000000        3.0000000000000000     
   11.000000000000000        5.0000000000000000        5.0000000000000000     
   11.000000000000000        5.0000000000000000        7.0000000000000000     
   11.000000000000000        5.0000000000000000        9.0000000000000000     
   11.000000000000000        5.0000000000000000        11.000000000000000     
   11.000000000000000        5.0000000000000000        13.000000000000000     
   11.000000000000000        5.0000000000000000        15.000000000000000     
   11.000000000000000        5.0000000000000000        17.000000000000000     
   11.000000000000000        5.0000000000000000        19.000000000000000     
   11.000000000000000        7.0000000000000000        1.0000000000000000     
   11.000000000000000        7.0000000000000000        3.0000000000000000     
   11.000000000000000        7.0000000000000000        5.0000000000000000     
   11.000000000000000        7.0000000000000000        7.0000000000000000     
   11.000000000000000        7.0000000000000000        9.0000000000000000     
   11.000000000000000        7.0000000000000000        11.000000000000000     
   11.000000000000000        7.0000000000000000        13.000000000000000     
   11.000000000000000        7.0000000000000000        15.000000000000000     
   11.000000000000000        7.0000000000000000        17.000000000000000     
   11.000000000000000        7.0000000000000000        19.000000000000000     
   11.000000000000000        9.0000000000000000        1.0000000000000000     
   11.000000000000000        9.0000000000000000        3.0000000000000000     
   11.000000000000000        9.0000000000000000        5.0000000000000000     
   11.000000000000000        9.0000000000000000        7.0000000000000000     
   11.000000000000000        9.0000000000000000        9.0000000000000000     
   11.000000000000000        9.0000000000000000        11.000000000000000     
   11.000000000000000        9.0000000000000000        13.000000000000000     
   11.000000000000000        9.0000000000000000        15.000000000000000     
   11.000000000000000        9.0000000000000000        17.000000000000000     
   11.000000000000000        9.0000000000000000        19.000000000000000     
   11.000000000000000        11.000000000000000        1.0000000000000000     
   11.000000000000000        11.000000000000000        3.0000000000000000     
   11.000000000000000        11.000000000000000        5.0000000000000000     
   11.000000000000000        11.000000000000000        7.0000000000000000     
   11.000000000000000        11.000000000000000        9.0000000000000000     
   11.000000000000000        11.000000000000000        11.000000000000000     
   11.000000000000000        11.000000000000000        13.000000000000000     
   11.000000000000000        11.000000000000000        15.000000000000000     
   11.000000000000000        11.000000000000000        17.000000000000000     
   11.000000000000000        11.000000000000000        19.000000000000000     
   11.000000000000000        13.000000000000000        1.0000000000000000     
   11.000000000000000        13.000000000000000        3.0000000000000000     
   11.000000000000000        13.000000000000000        5.0000000000000000     
   11.000000000000000        13.000000000000000        7.0000000000000000     
   11.000000000000000        13.000000000000000        9.0000000000000000     
   11.000000000000000        13.000000000000000        11.000000000000000     
   11.000000000000000        13.000000000000000        13.000000000000000     
   11.000000000000000        13.000000000000000        15.000000000000000     
   11.000000000000000        13.000000000000000        17.000000000000000     
   11.000000000000000        13.000000000000000        19.000000000000000     
   11.000000000000000        15.000000000000000        1.0000000000000000     
   11.000000000000000        15.000000000000000        3.0000000000000000     
   11.000000000000000        15.000000000000000        5.0000000000000000     
   11.000000000000000        15.000000000000000        7.0000000000000000     
   11.000000000000000        15.000000000000000        9.0000000000000000     
   11.000000000000000        15.000000000000000        11.000000000000000     
   11.000000000000000        15.000000000000000        13.000000000000000     
   11.000000000000000        15.000000000000000        15.000000000000000     
   11.000000000000000        15.000000000000000        17.000000000000000     
   11.000000000000000        15.000000000000000        19.000000000000000     
   11.000000000000000        17.000000000000000        1.0000000000000000     
   11.000000000000000        17.000000000000000        3.0000000000000000     
   11.000000000000000        17.000000000000000        5.0000000000000000     
   11.000000000000000        17.000000000000000        7.0000000000000000     
   11.000000000000000        17.000000000000000        9.0000000000000000     
   11.000000000000000        17.000000000000000        11.000000000000000     
   11.000000000000000        17.000000000000000        13.000000000000000     
   11.000000000000000        17.000000000000000        15.000000000000000     
   11.000000000000000        17.000000000000000        17.000000000000000     
   11.000000000000000        17.000000000000000        19.000000000000000     
   11.000000000000000        19.000000000000000        1.0000000000000000     
   11.000000000000000        19.000000000000000        3.0000000000000000     
   11.000000000000000        19.000000000000000        5.0000000000000000     
   11.000000000000000        19.000000000000000        7.0000000000000000     
   11.000000000000000        19.000000000000000        9.0000000000000000     
   11.000000000000000        19.000000000000000        11.000000000000000     
   11.000000000000000        19.000000000000000        13.000000000000000     
   11.000000000000000        19.000000000000000        15.000000000000000     
   11.000000000000000        19.000000000000000        17.000000000000000     
   11.000000000000000        19.000000000000000        19.000000000000000     
   13.000000000000000        1.0000000000000000        1.0000000000000000     
   13.000000000000000        1.0000000000000000        3.0000000000000000     
   13.000000000000000        1.0000000000000000        5.0000000000000000     
   13.000000000000000        1.0000000000000000        7.0000000000000000     
   13.000000000000000        1.0000000000000000        9.0000000000000000     
   13.000000000000000        1.0000000000000000        11.000000000000000     
   13.000000000000000        1.0000000000000000        13.000000000000000     
   13.000000000000000        1.0000000000000000        15.000000000000000     
   13.000000000000000        1.0000000000000000        17.000000000000000     
   13.000000000000000        1.0000000000000000        19.000000000000000     
   13.000000000000000        3.0000000000000000        1.0000000000000000     
   13.000000000000000        3.0000000000000000        3.0000000000000000     
   13.000000000000000        3.0000000000000000        5.0000000000000000     
   13.000000000000000        3.0000000000000000        7.0000000000000000     
   13.000000000000000        3.0000000000000000        9.0000000000000000     
   13.000000000000000        3.0000000000000000        11.000000000000000     
   13.000000000000000        3.0000000000000000        13.000000000000000     
   13.000000000000000        3.0000000000000000        15.000000000000000     
   13.000000000000000        3.0000000000000000        17.000000000000000     
   13.000000000000000        3.0000000000000000        19.000000000000000     
   13.000000000000000        5.0000000000000000        1.0000000000000000     
   13.000000000000000        5.0000000000000000        3.0000000000000000     
   13.000000000000000        5.0000000000000000        5.0000000000000000     
   13.000000000000000        5.0000000000000000        7.0000000000000000     
   13.000000000000000        5.0000000000000000        9.0000000000000000     
   13.000000000000000        5.0000000000000000        11.000000000000000     
   13.000000000000000        5.0000000000000000        13.000000000000000     
   13.000000000000000        5.0000000000000000        15.000000000000000     
   13.000000000000000        5.0000000000000000        17.000000000000000     
   13.000000000000000        5.0000000000000000        19.000000000000000     
   13.000000000000000        7.0000000000000000        1.0000000000000000     
   13.000000000000000        7.0000000000000000        3.0000000000000000     
   13.000000000000000        7.0000000000000000        5.0000000000000000     
   13.000000000000000        7.0000000000000000        7.0000000000000000     
   13.000000000000000        7.0000000000000000        9.0000000000000000     
   13.000000000000000        7.0000000000000000        11.000000000000000     
   13.000000000000000        7.0000000000000000        13.000000000000000     
   13.000000000000000        7.0000000000000000        15.000000000000000     
   13.000000000000000        7.0000000000000000        17.000000000000000     
   13.000000000000000        7.0000000000000000        19.000000000000000     
   13.000000000000000        9.0000000000000000        1.0000000000000000     
   13.000000000000000        9.0000000000000000        3.0000000000000000     
   13.000000000000000        9.0000000000000000        5.0000000000000000     
   13.000000000000000        9.0000000000000000        7.0000000000000000     
   13.000000000000000        9.0000000000000000        9.0000000000000000     
   13.000000000000000        9.0000000000000000        11.000000000000000     
   13.000000000000000        9.0000000000000000        13.000000000000000     
   13.000000000000000        9.0000000000000000        15.000000000000000     
   13.000000000000000        9.0000000000000000        17.000000000000000     
   13.000000000000000        9.0000000000000000        19.000000000000000     
   13.000000000000000        11.000000000000000        1.0000000000000000     
   13.000000000000000        11.000000000000000        3.0000000000000000     
   13.000000000000000        11.000000000000000        5.0000000000000000     
   13.000000000000000        11.000000000000000        7.0000000000000000     
   13.000000000000000        11.000000000000000        9.0000000000000000     
   13.000000000000000        11.000000000000000        11.000000000000000     
   13.000000000000000        11.000000000000000        13.000000000000000     
   13.000000000000000        11.000000000000000        15.000000000000000     
   13.000000000000000        11.000000000000000        17.000000000000000     
   13.000000000000000        11.000000000000000        19.000000000000000     
   13.000000000000000        13.000000000000000        1.0000000000000000     
   13.000000000000000        13.000000000000000        3.0000000000000000     
   13.000000000000000        13.000000000000000        5.0000000000000000     
   13.000000000000000        13.000000000000000        7.0000000000000000     
   13.000000000000000        13.000000000000000        9.0000000000000000     
   13.000000000000000        13.000000000000000        11.000000000000000     
   13.000000000000000        13.000000000000000        13.000000000000000     
   13.000000000000000        13.000000000000000        15.000000000000000     
   13.000000000000000        13.000000000000000        17.000000000000000     
   13.000000000000000        13.000000000000000        19.000000000000000     
   13.000000000000000        15.000000000000000        1.0000000000000000     
   13.000000000000000        15.000000000000000        3.0000000000000000     
   13.000000000000000        15.000000000000000        5.0000000000000000     
   13.000000000000000        15.000000000000000        7.0000000000000000     
   13.000000000000000        15.000000000000000        9.0000000000000000     
   13.000000000000000        15.000000000000000        11.000000000000000     
   13.000000000000000        15.000000000000000        13.000000000000000     
   13.000000000000000        15.000000000000000        15.000000000000000     
   13.000000000000000        15.000000000000000        17.000000000000000     
   13.000000000000000        15.000000000000000        19.000000000000000     
   13.000000000000000        17.000000000000000        1.0000000000000000     
   13.000000000000000        17.000000000000000        3.0000000000000000     
   13.000000000000000        17.000000000000000        5.0000000000000000     
   13.000000000000000        17.000000000000000        7.0000000000000000     
   13.000000000000000        17.000000000000000        9.0000000000000000     
   13.000000000000000        17.000000000000000        11.000000000000000     
   13.000000000000000        17.000000000000000        13.000000000000000     
   13.000000000000000        17.000000000000000        15.000000000000000     
   13.000000000000000        17.000000000000000        17.000000000000000     
   13.000000000000000        17.000000000000000        19.000000000000000     
   13.000000000000000        19.000000000000000        1.0000000000000000     
   13.000000000000000        19.000000000000000        3.0000000000000000     
   13.000000000000000        19.000000000000000        5.0000000000000000     
   13.000000000000000        19.000000000000000        7.0000000000000000     
   13.000000000000000        19.000000000000000        9.0000000000000000     
   13.000000000000000        19.000000000000000        11.000000000000000     
   13.000000000000000        19.000000000000000        13.000000000000000     
   13.000000000000000        19.000000000000000        15.000000000000000     
   13.000000000000000        19.000000000000000        17.000000000000000     
   13.000000000000000        19.000000000000000        19.000000000000000     
   15.000000000000000        1.0000000000000000        1.0000000000000000     
   15.000000000000000        1.0000000000000000        3.0000000000000000     
   15.000000000000000        1.0000000000000000        5.0000000000000000     
   15.000000000000000        1.0000000000000000        7.0000000000000000     
   15.000000000000000        1.0000000000000000        9.0000000000000000     
   15.000000000000000        1.0000000000000000        11.000000000000000     
   15.000000000000000        1.0000000000000000        13.000000000000000     
   15.000000000000000        1.0000000000000000        15.000000000000000     
   15.000000000000000        1.0000000000000000        17.000000000000000     
   15.000000000000000        1.0000000000000000        19.000000000000000     
   15.000000000000000        3.0000000000000000        1.0000000000000000     
   15.000000000000000        3.0000000000000000        3.0000000000000000     
   15.000000000000000        3.0000000000000000        5.0000000000000000     
   15.000000000000000        3.0000000000000000        7.0000000000000000     
   15.000000000000000        3.0000000000000000        9.0000000000000000     
   15.000000000000000        3.0000000000000000        11.000000000000000     
   15.000000000000000        3.0000000000000000        13.000000000000000     
   15.000000000000000        3.0000000000000000        15.000000000000000     
   15.000000000000000        3.0000000000000000        17.000000000000000     
   15.000000000000000        3.0000000000000000        19.000000000000000     
   15.000000000000000        5.0000000000000000        1.0000000000000000     
   15.000000000000000        5.0000000000000000        3.0000000000000000     
   15.000000000000000        5.0000000000000000        5.0000000000000000     
   15.000000000000000        5.0000000000000000        7.0000000000000000     
   15.000000000000000        5.0000000000000000        9.0000000000000000     
   15.000000000000000        5.0000000000000000        11.000000000000000     
   15.000000000000000        5.0000000000000000        13.000000000000000     
   15.000000000000000        5.0000000000000000        15.000000000000000     
   15.000000000000000        5.0000000000000000        17.000000000000000     
   15.000000000000000        5.0000000000000000        19.000000000000000     
   15.000000000000000        7.0000000000000000        1.0000000000000000     
   15.000000000000000        7.0000000000000000        3.0000000000000000     
   15.000000000000000        7.0000000000000000        5.0000000000000000     
   15.000000000000000        7.0000000000000000        7.0000000000000000     
   15.000000000000000        7.0000000000000000        9.0000000000000000     
   15.000000000000000        7.0000000000000000        11.000000000000000     
   15.000000000000000        7.0000000000000000        13.000000000000000     
   15.000000000000000        7.0000000000000000        15.000000000000000     
   15.000000000000000        7.0000000000000000        17.000000000000000     
   15.000000000000000        7.0000000000000000        19.000000000000000     
   15.000000000000000        9.0000000000000000        1.0000000000000000     
   15.000000000000000        9.0000000000000000        3.0000000000000000     
   15.000000000000000        9.0000000000000000        5.0000000000000000     
   15.000000000000000        9.0000000000000000        7.0000000000000000     
   15.000000000000000        9.0000000000000000        9.0000000000000000     
   15.000000000000000        9.0000000000000000        11.000000000000000     
   15.000000000000000        9.0000000000000000        13.000000000000000     
   15.000000000000000        9.0000000000000000        15.000000000000000     
   15.000000000000000        9.0000000000000000        17.000000000000000     
   15.000000000000000        9.0000000000000000        19.000000000000000     
   15.000000000000000        11.000000000000000        1.0000000000000000     
   15.000000000000000        11.000000000000000        3.0000000000000000     
   15.000000000000000        11.000000000000000        5.0000000000000000     
   15.000000000000000        11.000000000000000        7.0000000000000000     
   15.000000000000000        11.000000000000000        9.0000000000000000     
   15.000000000000000        11.000000000000000        11.000000000000000     
   15.000000000000000        11.000000000000000        13.000000000000000     
   15.000000000000000        11.000000000000000        15.000000000000000     
   15.000000000000000        11.000000000000000        17.000000000000000     
   15.000000000000000        11.000000000000000        19.000000000000000     
   15.000000000000000        13.000000000000000        1.0000000000000000     
   15.000000000000000        13.000000000000000        3.0000000000000000     
   15.000000000000000        13.000000000000000        5.0000000000000000     
   15.000000000000000        13.000000000000000        7.0000000000000000     
   15.000000000000000        13.000000000000000        9.0000000000000000     
   15.000000000000000        13.000000000000000        11.000000000000000     
   15.000000000000000        13.000000000000000        13.000000000000000     
   15.000000000000000        13.000000000000000        15.000000000000000     
   15.000000000000000        13.000000000000000        17.000000000000000     
   15.000000000000000        13.000000000000000        19.000000000000000     
   15.000000000000000        15.000000000000000        1.0000000000000000     
   15.000000000000000        15.000000000000000        3.0000000000000000     
   15.000000000000000        15.000000000000000        5.0000000000000000     
   15.000000000000000        15.000000000000000        7.0000000000000000     
   15.000000000000000        15.000000000000000        9.0000000000000000     
   15.000000000000000        15.000000000000000        11.000000000000000     
   15.000000000000000        15.000000000000000        13.000000000000000     
   15.000000000000000        15.000000000000000        15.000000000000000     
   15.000000000000000        15.000000000000000        17.000000000000000     
   15.000000000000000        15.000000000000000        19.000000000000000     
   15.000000000000000        17.000000000000000        1.0000000000000000     
   15.000000000000000        17.000000000000000        3.0000000000000000     
   15.000000000000000        17.000000000000000        5.0000000000000000     
   15.000000000000000        17.000000000000000        7.0000000000000000     
   15.000000000000000        17.000000000000000        9.0000000000000000     
   15.000000000000000        17.000000000000000        11.000000000000000     
   15.000000000000000        17.000000000000000        13.000000000000000     
   15.000000000000000        17.000000000000000        15.000000000000000     
   15.000000000000000        17.000000000000000        17.000000000000000     
   15.000000000000000        17.000000000000000        19.000000000000000     
   15.000000000000000        19.000000000000000        1.0000000000000000     
   15.000000000000000        19.000000000000000        3.0000000000000000     
   15.000000000000000        19.000000000000000        5.0000000000000000     
   15.000000000000000        19.000000000000000        7.0000000000000000     
   15.000000000000000        19.000000000000000        9.0000000000000000     
   15.000000000000000        19.000000000000000        11.000000000000000     
   15.000000000000000        19.000000000000000        13.000000000000000     
   15.000000000000000        19.000000000000000        15.000000000000000     
   15.000000000000000        19.000000000000000        17.000000000000000     
   15.000000000000000        19.000000000000000        19.000000000000000     
   17.000000000000000        1.0000000000000000        1.0000000000000000     
   17.000000000000000        1.0000000000000000        3.0000000000000000     
   17.000000000000000        1.0000000000000000        5.0000000000000000     
   17.000000000000000        1.0000000000000000        7.0000000000000000     
   17.000000000000000        1.0000000000000000        9.0000000000000000     
   17.000000000000000        1.0000000000000000        11.000000000000000     
   17.000000000000000        1.0000000000000000        13.000000000000000     
   17.000000000000000        1.0000000000000000        15.000000000000000     
   17.000000000000000        1.0000000000000000        17.000000000000000     
   17.000000000000000        1.0000000000000000        19.000000000000000     
   17.000000000000000        3.0000000000000000        1.0000000000000000     
   17.000000000000000        3.0000000000000000        3.0000000000000000     
   17.000000000000000        3.0000000000000000        5.0000000000000000     
   17.000000000000000        3.0000000000000000        7.0000000000000000     
   17.000000000000000        3.0000000000000000        9.0000000000000000     
   17.000000000000000        3.0000000000000000        11.000000000000000     
   17.000000000000000        3.0000000000000000        13.000000000000000     
   17.000000000000000        3.0000000000000000        15.000000000000000     
   17.000000000000000        3.0000000000000000        17.000000000000000     
   17.000000000000000        3.0000000000000000        19.000000000000000     
   17.000000000000000        5.0000000000000000        1.0000000000000000     
   17.000000000000000        5.0000000000000000        3.0000000000000000     
   17.000000000000000        5.0000000000000000        5.0000000000000000     
   17.000000000000000        5.0000000000000000        7.0000000000000000     
   17.000000000000000        5.0000000000000000        9.0000000000000000     
   17.000000000000000        5.0000000000000000        11.000000000000000     
   17.000000000000000        5.0000000000000000        13.000000000000000     
   17.000000000000000        5.0000000000000000        15.000000000000000     
   17.000000000000000        5.0000000000000000        17.000000000000000     
   17.000000000000000        5.0000000000000000        19.000000000000000     
   17.000000000000000        7.0000000000000000        1.0000000000000000     
   17.000000000000000        7.0000000000000000        3.0000000000000000     
   17.000000000000000        7.0000000000000000        5.0000000000000000     
   17.000000000000000        7.0000000000000000        7.0000000000000000     
   17.000000000000000        7.0000000000000000        9.0000000000000000     
   17.000000000000000        7.0000000000000000        11.000000000000000     
   17.000000000000000        7.0000000000000000        13.000000000000000     
   17.000000000000000        7.0000000000000000        15.000000000000000     
   17.000000000000000        7.0000000000000000        17.000000000000000     
   17.000000000000000        7.0000000000000000        19.000000000000000     
   17.000000000000000        9.0000000000000000        1.0000000000000000     
   17.000000000000000        9.0000000000000000        3.0000000000000000     
   17.000000000000000        9.0000000000000000        5.0000000000000000     
   17.000000000000000        9.0000000000000000        7.0000000000000000     
   17.000000000000000        9.0000000000000000        9.0000000000000000     
   17.000000000000000        9.0000000000000000        11.000000000000000     
   17.000000000000000        9.0000000000000000        13.000000000000000     
   17.000000000000000        9.0000000000000000        15.000000000000000     
   17.000000000000000        9.0000000000000000        17.000000000000000     
   17.000000000000000        9.0000000000000000        19.000000000000000     
   17.000000000000000        11.000000000000000        1.0000000000000000     
   17.000000000000000        11.000000000000000        3.0000000000000000     
   17.000000000000000        11.000000000000000        5.0000000000000000     
   17.000000000000000        11.000000000000000        7.0000000000000000     
   17.000000000000000        11.000000000000000        9.0000000000000000     
   17.000000000000000        11.000000000000000        11.000000000000000     
   17.000000000000000        11.000000000000000        13.000000000000000     
   17.000000000000000        11.000000000000000        15.000000000000000     
   17.000000000000000        11.000000000000000        17.000000000000000     
   17.000000000000000        11.000000000000000        19.000000000000000     
   17.000000000000000        13.000000000000000        1.0000000000000000     
   17.000000000000000        13.000000000000000        3.0000000000000000     
   17.000000000000000        13.000000000000000        5.0000000000000000     
   17.000000000000000        13.000000000000000        7.0000000000000000     
   17.000000000000000        13.000000000000000        9.0000000000000000     
   17.000000000000000        13.000000000000000        11.000000000000000     
   17.000000000000000        13.000000000000000        13.000000000000000     
   17.000000000000000        13.000000000000000        15.000000000000000     
   17.000000000000000        13.000000000000000        17.000000000000000     
   17.000000000000000        13.000000000000000        19.000000000000000     
   17.000000000000000        15.000000000000000        1.0000000000000000     
   17.000000000000000        15.000000000000000        3.0000000000000000     
   17.000000000000000        15.000000000000000        5.0000000000000000     
   17.000000000000000        15.000000000000000        7.0000000000000000     
   17.000000000000000        15.000000000000000        9.0000000000000000     
   17.000000000000000        15.000000000000000        11.000000000000000     
   17.000000000000000        15.000000000000000        13.000000000000000     
   17.000000000000000        15.000000000000000        15.000000000000000     
   17.000000000000000        15.000000000000000        17.000000000000000     
   17.000000000000000        15.000000000000000        19.000000000000000     
   17.000000000000000        17.000000000000000        1.0000000000000000     
   17.000000000000000        17.000000000000000        3.0000000000000000     
   17.000000000000000        17.000000000000000        5.0000000000000000     
   17.000000000000000        17.000000000000000        7.0000000000000000     
   17.000000000000000        17.000000000000000        9.0000000000000000     
   17.000000000000000        17.000000000000000        11.000000000000000     
   17.000000000000000        17.000000000000000        13.000000000000000     
   17.000000000000000        17.000000000000000        15.000000000000000     
   17.000000000000000        17.000000000000000        17.000000000000000     
   17.000000000000000        17.000000000000000        19.000000000000000     
   17.000000000000000        19.000000000000000        1.0000000000000000     
   17.000000000000000        19.000000000000000        3.0000000000000000     
   17.000000000000000        19.000000000000000        5.0000000000000000     
   17.000000000000000        19.000000000000000        7.0000000000000000     
   17.000000000000000        19.000000000000000        9.0000000000000000     
   17.000000000000000        19.000000000000000        11.000000000000000     
   17.000000000000000        19.000000000000000        13.000000000000000     
   17.000000000000000        19.000000000000000        15.000000000000000     
   17.000000000000000        19.000000000000000        17.000000000000000     
   17.000000000000000        19.000000000000000        19.000000000000000     
   19.000000000000000        1.0000000000000000        1.0000000000000000     
   19.000000000000000        1.0000000000000000        3.0000000000000000     
   19.000000000000000        1.0000000000000000        5.0000000000000000     
   19.000000000000000        1.0000000000000000        7.0000000000000000     
   19.000000000000000        1.0000000000000000        9.0000000000000000     
   19.000000000000000        1.0000000000000000        11.000000000000000     
   19.000000000000000        1.0000000000000000        13.000000000000000     
   19.000000000000000        1.0000000000000000        15.000000000000000     
   19.000000000000000        1.0000000000000000        17.000000000000000     
   19.000000000000000        1.0000000000000000        19.000000000000000     
   19.000000000000000        3.0000000000000000        1.0000000000000000     
   19.000000000000000        3.0000000000000000        3.0000000000000000     
   19.000000000000000        3.0000000000000000        5.0000000000000000     
   19.000000000000000        3.0000000000000000        7.0000000000000000     
   19.000000000000000        3.0000000000000000        9.0000000000000000     
   19.000000000000000        3.0000000000000000        11.000000000000000     
   19.000000000000000        3.0000000000000000        13.000000000000000     
   19.000000000000000        3.0000000000000000        15.000000000000000     
   19.000000000000000        3.0000000000000000        17.000000000000000     
   19.000000000000000        3.0000000000000000        19.000000000000000     
   19.000000000000000        5.0000000000000000        1.0000000000000000     
   19.000000000000000        5.0000000000000000        3.0000000000000000     
   19.000000000000000        5.0000000000000000        5.0000000000000000     
   19.000000000000000        5.0000000000000000        7.0000000000000000     
   19.000000000000000        5.0000000000000000        9.0000000000000000     
   19.000000000000000        5.0000000000000000        11.000000000000000     
   19.000000000000000        5.0000000000000000        13.000000000000000     
   19.000000000000000        5.0000000000000000        15.000000000000000     
   19.000000000000000        5.0000000000000000        17.000000000000000     
   19.000000000000000        5.0000000000000000        19.000000000000000     
   19.000000000000000        7.0000000000000000        1.0000000000000000     
   19.000000000000000        7.0000000000000000        3.0000000000000000     
   19.000000000000000        7.0000000000000000        5.0000000000000000     
   19.000000000000000        7.0000000000000000        7.0000000000000000     
   19.000000000000000        7.0000000000000000        9.0000000000000000     
   19.000000000000000        7.0000000000000000        11.000000000000000     
   19.000000000000000        7.0000000000000000        13.000000000000000     
   19.000000000000000        7.0000000000000000        15.000000000000000     
   19.000000000000000        7.0000000000000000        17.000000000000000     
   19.000000000000000        7.0000000000000000        19.000000000000000     
   19.000000000000000        9.0000000000000000        1.0000000000000000     
   19.000000000000000        9.0000000000000000        3.0000000000000000     
   19.000000000000000        9.0000000000000000        5.0000000000000000     
   19.000000000000000        9.0000000000000000        7.0000000000000000     
   19.000000000000000        9.0000000000000000        9.0000000000000000     
   19.000000000000000        9.0000000000000000        11.000000000000000     
   19.000000000000000        9.0000000000000000        13.000000000000000     
   19.000000000000000        9.0000000000000000        15.000000000000000     
   19.000000000000000        9.0000000000000000        17.000000000000000     
   19.000000000000000        9.0000000000000000        19.000000000000000     
   19.000000000000000        11.000000000000000        1.0000000000000000     
   19.000000000000000        11.000000000000000        3.0000000000000000     
   19.000000000000000        11.000000000000000        5.0000000000000000     
   19.000000000000000        11.000000000000000        7.0000000000000000     
   19.000000000000000        11.000000000000000        9.0000000000000000     
   19.000000000000000        11.000000000000000        11.000000000000000     
   19.000000000000000        11.000000000000000        13.000000000000000     
   19.000000000000000        11.000000000000000        15.000000000000000     
   19.000000000000000        11.000000000000000        17.000000000000000     
   19.000000000000000        11.000000000000000        19.000000000000000     
   19.000000000000000        13.000000000000000        1.0000000000000000     
   19.000000000000000        13.000000000000000        3.0000000000000000     
   19.000000000000000        13.000000000000000        5.0000000000000000     
   19.000000000000000        13.000000000000000        7.0000000000000000     
   19.000000000000000        13.000000000000000        9.0000000000000000     
   19.000000000000000        13.000000000000000        11.000000000000000     
   19.000000000000000        13.000000000000000        13.000000000000000     
   19.000000000000000        13.000000000000000        15.000000000000000     
   19.000000000000000        13.000000000000000        17.000000000000000     
   19.000000000000000        13.000000000000000        19.000000000000000     
   19.000000000000000        15.000000000000000        1.0000000000000000     
   19.000000000000000        15.000000000000000        3.0000000000000000     
   19.000000000000000        15.000000000000000        5.0000000000000000     
   19.000000000000000        15.000000000000000        7.0000000000000000     
   19.000000000000000        15.000000000000000        9.0000000000000000     
   19.000000000000000        15.000000000000000        11.000000000000000     
   19.000000000000000        15.000000000000000        13.000000000000000     
   19.000000000000000        15.000000000000000        15.000000000000000     
   19.000000000000000        15.000000000000000        17.000000000000000     
   19.000000000000000        15.000000000000000        19.000000000000000     
   19.000000000000000        17.000000000000000        1.0000000000000000     
   19.000000000000000        17.000000000000000        3.0000000000000000     
   19.000000000000000        17.000000000000000        5.0000000000000000     
   19.000000000000000        17.000000000000000        7.0000000000000000     
   19.000000000000000        17.000000000000000        9.0000000000000000     
   19.000000000000000        17.000000000000000        11.000000000000000     
   19.000000000000000        17.000000000000000        13.000000000000000     
   19.000000000000000        17.000000000000000        15.000000000000000     
   19.000000000000000        17.000000000000000        17.000000000000000     
   19.000000000000000        17.000000000000000        19.000000000000000     
   19.000000000000000        19.000000000000000        1.0000000000000000     
   19.000000000000000        19.000000000000000        3.0000000000000000     
   19.000000000000000        19.000000000000000        5.0000000000000000     
   19.000000000000000        19.000000000000000        7.0000000000000000     
   19.000000000000000        19.000000000000000        9.0000000000000000     
   19.000000000000000        19.000000000000000        11.000000000000000     
   19.000000000000000        19.000000000000000        13.000000000000000     
   19.000000000000000        19.000000000000000        15.000000000000000     
   19.000000000000000        19.000000000000000        17.000000000000000     
   19.000000000000000        19.000000000000000        19.000000000000000