   1.0000000474974513E-003   1.0000000474974513E-003
   2.0000000949949026E-003   2.0000010949950452E-003
   3.0000001424923539E-003   3.0000051424970663E-003
   4.0000001899898052E-003   4.0000141900258003E-003
   5.0000002374872565E-003   5.0000302376375320E-003
   6.0000002849847078E-003   6.0000552854385485E-003
   7.0000003324821591E-003   7.0000913336011380E-003
   8.0000003799796104E-003   8.0001403823795961E-003
   9.0000004274770617E-003   9.0002044321262249E-003
   1.0000000474974513E-002   1.0000285483307343E-002
   1.1000000522471964E-002   1.1000385536519292E-002
   1.2000000569969416E-002   1.2000506592504442E-002
   1.3000000617466867E-002   1.3000650652167212E-002
   1.4000000664964318E-002   1.4000819716590070E-002
   1.5000000712461770E-002   1.5001015787049567E-002
   1.6000000759959221E-002   1.6001240865032351E-002
   1.7000000807456672E-002   1.7001496952251186E-002
   1.8000000854954123E-002   1.8001786050660985E-002
   1.9000000902451575E-002   1.9002110162474842E-002
   2.0000000949949026E-002   2.0002471290180072E-002
   2.1000000997446477E-002   2.1002871436554240E-002
   2.2000001044943929E-002   2.2003312604681222E-002
   2.3000001092441380E-002   2.3003796797967248E-002
   2.4000001139938831E-002   2.4004326020156955E-002
   2.5000001187436283E-002   2.5004902275349458E-002
   2.6000001234933734E-002   2.6005527568014407E-002
   2.7000001282431185E-002   2.7006203903008071E-002
   2.8000001329928637E-002   2.8006933285589414E-002
   2.9000001377426088E-002   2.9007717721436184E-002
   3.0000001424923539E-002   3.0008559216661009E-002
   3.1000001472420990E-002   3.1009459777827493E-002
   3.2000001519918442E-002   3.2010421411966333E-002
   3.3000001567415893E-002   3.3011446126591425E-002
   3.4000001614913344E-002   3.4012535929716002E-002
   3.5000001662410796E-002   3.5013692829868770E-002
   3.6000001709908247E-002   3.6014918836110035E-002
   3.7000001757405698E-002   3.7016215958047868E-002
   3.8000001804903150E-002   3.8017586205854256E-002
   3.9000001852400601E-002   3.9019031590281278E-002
   4.0000001899898052E-002   4.0020554122677285E-002
   4.1000001947395504E-002   4.1022155815003097E-002
   4.2000001994892955E-002   4.2023838679848186E-002
   4.3000002042390406E-002   4.3025604730446906E-002
   4.4000002089887857E-002   4.4027455980694706E-002
   4.5000002137385309E-002   4.5029394445164357E-002
   4.6000002184882760E-002   4.6031422139122216E-002
   4.7000002232380211E-002   4.7033541078544461E-002
   4.8000002279877663E-002   4.8035753280133368E-002
   4.9000002327375114E-002   4.9038060761333609E-002
   5.0000002374872565E-002   5.0040465540348508E-002
   5.1000002422370017E-002   5.1042969636156392E-002
   5.2000002469867468E-002   5.2045575068526868E-002
   5.3000002517364919E-002   5.3048283858037192E-002
   5.4000002564862370E-002   5.4051098026088588E-002
   5.5000002612359822E-002   5.5054019594922628E-002
   5.6000002659857273E-002   5.6057050587637602E-002
   5.7000002707354724E-002   5.7060193028204892E-002
   5.8000002754852176E-002   5.8063448941485407E-002
   5.9000002802349627E-002   5.9066820353245973E-002
   6.0000002849847078E-002   6.0070309290175782E-002
   6.1000002897344530E-002   6.1073917779902842E-002
   6.2000002944841981E-002   6.2077647851010449E-002
   6.3000002992339432E-002   6.3081501533053655E-002
   6.4000003039836884E-002   6.4085480856575783E-002
   6.5000003087334335E-002   6.5089587853124922E-002
   6.6000003134831786E-002   6.6093824555270492E-002
   6.7000003182329237E-002   6.7098192996619774E-002
   6.8000003229826689E-002   6.8102695211834471E-002
   6.9000003277324140E-002   6.9107333236647334E-002
   7.0000003324821591E-002   7.0112109107878712E-002
   7.1000003372319043E-002   7.1117024863453199E-002
   7.2000003419816494E-002   7.2122082542416310E-002
   7.3000003467313945E-002   7.3127284184951083E-002
   7.4000003514811397E-002   7.4132631832394796E-002
   7.5000003562308848E-002   7.5138127527255669E-002
   7.6000003609806299E-002   7.6143773313229579E-002
   7.7000003657303751E-002   7.7149571235216791E-002
   7.8000003704801202E-002   7.8155523339338728E-002
   7.9000003752298653E-002   7.9161631672954758E-002
   8.0000003799796104E-002   8.0167898284678976E-002
   8.1000003847293556E-002   8.1174325224397076E-002
   8.2000003894791007E-002   8.2180914543283134E-002
   8.3000003942288458E-002   8.3187668293816547E-002
   8.4000003989785910E-002   8.4194588529798858E-002
   8.5000004037283361E-002   8.5201677306370710E-002
   8.6000004084780812E-002   8.6208936680028783E-002
   8.7000004132278264E-002   8.7216368708642730E-002
   8.8000004179775715E-002   8.8223975451472203E-002
   8.9000004227273166E-002   8.9231758969183811E-002
   9.0000004274770617E-002   9.0239721323868191E-002
   9.1000004322268069E-002   9.1247864579057036E-002
   9.2000004369765520E-002   9.2256190799740193E-002
   9.3000004417262971E-002   9.3264702052382784E-002
   9.4000004464760423E-002   9.4273400404942295E-002
   9.5000004512257874E-002   9.5282287926885784E-002
   9.6000004559755325E-002   9.6291366689207028E-002
   9.7000004607252777E-002   9.7300638764443753E-002
   9.8000004654750228E-002   9.8310106226694852E-002
   9.9000004702247679E-002   9.9319771151637662E-002
  0.10000000474974513       0.10032963561654526     
  0.10100000479724258       0.10133970170030376     
  0.10200000484474003       0.10234997148342971     
  0.10300000489223748       0.10336044704808738     
  0.10400000493973494       0.10437113047810624     
  0.10500000498723239       0.10538202385899838     
  0.10600000503472984       0.10639312927797592     
  0.10700000508222729       0.10740444882396859     
  0.10800000512972474       0.10841598458764114     
  0.10900000517722219       0.10942773866141098     
  0.11000000522471964       0.11043971313946574     
  0.11100000527221709       0.11145191011778084     
  0.11200000531971455       0.11246433169413719     
  0.11300000536721200       0.11347697996813881     
  0.11400000541470945       0.11448985704123057     
  0.11500000546220690       0.11550296501671595     
  0.11600000550970435       0.11651630599977471     
  0.11700000555720180       0.11752988209748082     
  0.11800000560469925       0.11854369541882021     
  0.11900000565219671       0.11955774807470868     
  0.12000000569969416       0.12057204217800975     
  0.12100000574719161       0.12158657984355267     
  0.12200000579468906       0.12260136318815035     
  0.12300000584218651       0.12361639433061733     
  0.12400000588968396       0.12463167539178789     
  0.12500000593718141       0.12564720849453409     
  0.12600000598467886       0.12666299576378387     
  0.12700000603217632       0.12767903932653921     
  0.12800000607967377       0.12869534131189431     
  0.12900000612717122       0.12971190385105383     
  0.13000000617466867       0.13072872907735109     
  0.13100000622216612       0.13174581912626646     
  0.13200000626966357       0.13276317613544558     
  0.13300000631716102       0.13378080224471781     
  0.13400000636465847       0.13479869959611457     
  0.13500000641215593       0.13581687033388790     
  0.13600000645965338       0.13683531660452880     
  0.13700000650715083       0.13785404055678585     
  0.13800000655464828       0.13887304434168377     
  0.13900000660214573       0.13989233011254196     
  0.14000000664964318       0.14091190002499324     
  0.14100000669714063       0.14193175623700247     
  0.14200000674463809       0.14295190090888527     
  0.14300000679213554       0.14397233620332681     
  0.14400000683963299       0.14499306428540062     
  0.14500000688713044       0.14601408732258747     
  0.14600000693462789       0.14703540748479421     
  0.14700000698212534       0.14805702694437275     
  0.14800000702962279       0.14907894787613901     
  0.14900000707712024       0.15010117245739193     
  0.15000000712461770       0.15112370286793261     
  0.15100000717211515       0.15214654129008334     
  0.15200000721961260       0.15316968990870683     
  0.15300000726711005       0.15419315091122535     
  0.15400000731460750       0.15521692648764002     
  0.15500000736210495       0.15624101883055005     
  0.15600000740960240       0.15726543013517219     
  0.15700000745709985       0.15829016259935996     
  0.15800000750459731       0.15931521842362323     
  0.15900000755209476       0.16034059981114759     
  0.16000000759959221       0.16136630896781395     
  0.16100000764708966       0.16239234810221809     
  0.16200000769458711       0.16341871942569025     
  0.16300000774208456       0.16444542515231489     
  0.16400000778958201       0.16547246749895031     
  0.16500000783707947       0.16649984868524847     
  0.16600000788457692       0.16752757093367487     
  0.16700000793207437       0.16855563646952831     
  0.16800000797957182       0.16958404752096087     
  0.16900000802706927       0.17061280631899789     
  0.17000000807456672       0.17164191509755797     
  0.17100000812206417       0.17267137609347311     
  0.17200000816956162       0.17370119154650873     
  0.17300000821705908       0.17473136369938397     
  0.17400000826455653       0.17576189479779181     
  0.17500000831205398       0.17679278709041948     
  0.17600000835955143       0.17782404282896869     
  0.17700000840704888       0.17885566426817612     
  0.17800000845454633       0.17988765366583379     
  0.17900000850204378       0.18092001328280963     
  0.18000000854954123       0.18195274538306802     
  0.18100000859703869       0.18298585223369040     
  0.18200000864453614       0.18401933610489593     
  0.18300000869203359       0.18505319927006228     
  0.18400000873953104       0.18608744400574634     
  0.18500000878702849       0.18712207259170516     
  0.18600000883452594       0.18815708731091674     
  0.18700000888202339       0.18919249044960107     
  0.18800000892952085       0.19022828429724115     
  0.18900000897701830       0.19126447114660405     
  0.19000000902451575       0.19230105329376204     
  0.19100000907201320       0.19333803303811384     
  0.19200000911951065       0.19437541268240577     
  0.19300000916700810       0.19541319453275321     
  0.19400000921450555       0.19645138089866190     
  0.19500000926200300       0.19748997409304941     
  0.19600000930950046       0.19852897643226664     
  0.19700000935699791       0.19956839023611939     
  0.19800000940449536       0.20060821782788998     
  0.19900000945199281       0.20164846153435900     
  0.20000000949949026       0.20268912368582698     
  0.20100000954698771       0.20373020661613628     
  0.20200000959448516       0.20477171266269301     
  0.20300000964198261       0.20581364416648890     
  0.20400000968948007       0.20685600347212341     
  0.20500000973697752       0.20789879292782570     
  0.20600000978447497       0.20894201488547692     
  0.20700000983197242       0.20998567170063237     
  0.20800000987946987       0.21102976573254373     
  0.20900000992696732       0.21207429934418154     
  0.21000000997446477       0.21311927490225754     
  0.21100001002196223       0.21416469477724717     
  0.21200001006945968       0.21521056134341221     
  0.21300001011695713       0.21625687697882329     
  0.21400001016445458       0.21730364406538269     
  0.21500001021195203       0.21835086498884709     
  0.21600001025944948       0.21939854213885046     
  0.21700001030694693       0.22044667790892689     
  0.21800001035444438       0.22149527469653363     
  0.21900001040194184       0.22254433490307421     
  0.22000001044943929       0.22359386093392147     
  0.22100001049693674       0.22464385519844085     
  0.22200001054443419       0.22569432011001367     
  0.22300001059193164       0.22674525808606047     
  0.22400001063942909       0.22779667154806443     
  0.22500001068692654       0.22884856292159497     
  0.22600001073442400       0.22990093463633121     
  0.22700001078192145       0.23095378912608577     
  0.22800001082941890       0.23200712882882843     
  0.22900001087691635       0.23306095618670994     
  0.23000001092441380       0.23411527364608600     
  0.23100001097191125       0.23517008365754116     
  0.23200001101940870       0.23622538867591295     
  0.23300001106690615       0.23728119116031596     
  0.23400001111440361       0.23833749357416609     
  0.23500001116190106       0.23939429838520485     
  0.23600001120939851       0.24045160806552371     
  0.23700001125689596       0.24150942509158863     
  0.23800001130439341       0.24256775194426453     
  0.23900001135189086       0.24362659110883997     
  0.24000001139938831       0.24468594507505190     
  0.24100001144688576       0.24574581633711035     
  0.24200001149438322       0.24680620739372341     
  0.24300001154188067       0.24786712074812217     
  0.24400001158937812       0.24892855890808574     
  0.24500001163687557       0.24999052438596644     
  0.24600001168437302       0.25105301969871502     
  0.24700001173187047       0.25211604736790594     
  0.24800001177936792       0.25317960991976285     
  0.24900001182686538       0.25424370988518402     
  0.25000001187436283       0.25530834979976791     
  0.25100001192186028       0.25637353220383885     
  0.25200001196935773       0.25743925964247288     
  0.25300001201685518       0.25850553466552351     
  0.25400001206435263       0.25957235982764770     
  0.25500001211185008       0.26063973768833193     
  0.25600001215934753       0.26170767081191826     
  0.25700001220684499       0.26277616176763063     
  0.25800001225434244       0.26384521312960119     
  0.25900001230183989       0.26491482747689654     
  0.26000001234933734       0.26598500739354447     
  0.26100001239683479       0.26705575546856042     
  0.26200001244433224       0.26812707429597421     
  0.26300001249182969       0.26919896647485686     
  0.26400001253932714       0.27027143460934749     
  0.26500001258682460       0.27134448130868027     
  0.26600001263432205       0.27241810918721154     
  0.26700001268181950       0.27349232086444697     
  0.26800001272931695       0.27456711896506897     
  0.26900001277681440       0.27564250611896390     
  0.27000001282431185       0.27671848496124968     
  0.27100001287180930       0.27779505813230343     
  0.27200001291930676       0.27887222827778901     
  0.27300001296680421       0.27994999804868492     
  0.27400001301430166       0.28102837010131232     
  0.27500001306179911       0.28210734709736279     
  0.27600001310929656       0.28318693170392661     
  0.27700001315679401       0.28426712659352099     
  0.27800001320429146       0.28534793444411832     
  0.27900001325178891       0.28642935793917468     
  0.28000001329928637       0.28751139976765833     
  0.28100001334678382       0.28859406262407838     
  0.28200001339428127       0.28967734920851362     
  0.28300001344177872       0.29076126222664117     
  0.28400001348927617       0.29184580438976576     
  0.28500001353677362       0.29293097841484866     
  0.28600001358427107       0.29401678702453687     
  0.28700001363176852       0.29510323294719254     
  0.28800001367926598       0.29619031891692221     
  0.28900001372676343       0.29727804767360666     
  0.29000001377426088       0.29836642196293028     
  0.29100001382175833       0.29945544453641104     
  0.29200001386925578       0.30054511815143026     
  0.29300001391675323       0.30163544557126271     
  0.29400001396425068       0.30272642956510665     
  0.29500001401174814       0.30381807290811413     
  0.29600001405924559       0.30491037838142143     
  0.29700001410674304       0.30600334877217944     
  0.29800001415424049       0.30709698687358422     
  0.29900001420173794       0.30819129548490792     
  0.30000001424923539       0.30928627741152942     
  0.30100001429673284       0.31038193546496545     
  0.30200001434423029       0.31147827246290166     
  0.30300001439172775       0.31257529122922373     
  0.30400001443922520       0.31367299459404885     
  0.30500001448672265       0.31477138539375721     
  0.30600001453422010       0.31587046647102346     
  0.30700001458171755       0.31697024067484852     
  0.30800001462921500       0.31807071086059152     
  0.30900001467671245       0.31917187989000162     
  0.31000001472420990       0.32027375063125019     
  0.31100001477170736       0.32137632595896309     
  0.31200001481920481       0.32247960875425308     
  0.31300001486670226       0.32358360190475222     
  0.31400001491419971       0.32468830830464462     
  0.31500001496169716       0.32579373085469909     
  0.31600001500919461       0.32689987246230223     
  0.31700001505669206       0.32800673604149128     
  0.31800001510418952       0.32911432451298750     
  0.31900001515168697       0.33022264080422936     
  0.32000001519918442       0.33133168784940598     
  0.32100001524668187       0.33244146858949086     
  0.32200001529417932       0.33355198597227553     
  0.32300001534167677       0.33466324295240346     
  0.32400001538917422       0.33577524249140400     
  0.32500001543667167       0.33688798755772670     
  0.32600001548416913       0.33800148112677547     
  0.32700001553166658       0.33911572618094316     
  0.32800001557916403       0.34023072570964602     
  0.32900001562666148       0.34134648270935852     
  0.33000001567415893       0.34246300018364828     
  0.33100001572165638       0.34358028114321104     
  0.33200001576915383       0.34469832860590588     
  0.33300001581665128       0.34581714559679055     
  0.33400001586414874       0.34693673514815693     
  0.33500001591164619       0.34805710029956666     
  0.33600001595914364       0.34917824409788706     
  0.33700001600664109       0.35030016959732696     
  0.33800001605413854       0.35142287985947274     
  0.33900001610163599       0.35254637795332477     
  0.34000001614913344       0.35367066695533367     
  0.34100001619663090       0.35479574994943686     
  0.34200001624412835       0.35592163002709548     
  0.34300001629162580       0.35704831028733108     
  0.34400001633912325       0.35817579383676273     
  0.34500001638662070       0.35930408378964424     
  0.34600001643411815       0.36043318326790147     
  0.34700001648161560       0.36156309540117004     
  0.34800001652911305       0.36269382332683281     
  0.34900001657661051       0.36382537019005784     
  0.35000001662410796       0.36495773914383639     
  0.35100001667160541       0.36609093334902121     
  0.35200001671910286       0.36722495597436478     
  0.35300001676660031       0.36835981019655784     
  0.35400001681409776       0.36949549920026820     
  0.35500001686159521       0.37063202617817959     
  0.35600001690909266       0.37176939433103062     
  0.35700001695659012       0.37290760686765406     
  0.35800001700408757       0.37404666700501626     
  0.35900001705158502       0.37518657796825666     
  0.36000001709908247       0.37632734299072762     
  0.36100001714657992       0.37746896531403423     
  0.36200001719407737       0.37861144818807452     
  0.36300001724157482       0.37975479487107966     
  0.36400001728907228       0.38089900862965448     
  0.36500001733656973       0.38204409273881812     
  0.36600001738406718       0.38319005048204480     
  0.36700001743156463       0.38433688515130493     
  0.36800001747906208       0.38548460004710627     
  0.36900001752655953       0.38663319847853522     
  0.37000001757405698       0.38778268376329861     
  0.37100001762155443       0.38893305922776517     
  0.37200001766905189       0.39008432820700778     
  0.37300001771654934       0.39123649404484545     
  0.37400001776404679       0.39238956009388565     
  0.37500001781154424       0.39354352971556694     
  0.37600001785904169       0.39469840628020164     
  0.37700001790653914       0.39585419316701870     
  0.37800001795403659       0.39701089376420695     
  0.37900001800153404       0.39816851146895832     
  0.38000001804903150       0.39932704968751132     
  0.38100001809652895       0.40048651183519496     
  0.38200001814402640       0.40164690133647241     
  0.38300001819152385       0.40280822162498536     
  0.38400001823902130       0.40397047614359816     
  0.38500001828651875       0.40513366834444248     
  0.38600001833401620       0.40629780168896207     
  0.38700001838151366       0.40746287964795758     
  0.38800001842901111       0.40862890570163185     
  0.38900001847650856       0.40979588333963524     
  0.39000001852400601       0.41096381606111115     
  0.39100001857150346       0.41213270737474200     
  0.39200001861900091       0.41330256079879507     
  0.39300001866649836       0.41447337986116883     
  0.39400001871399581       0.41564516809943930     
  0.39500001876149327       0.41681792906090687     
  0.39600001880899072       0.41799166630264301     
  0.39700001885648817       0.41916638339153756     
  0.39800001890398562       0.42034208390434585     
  0.39900001895148307       0.42151877142773658     
  0.40000001899898052       0.42269644955833924     
  0.40100001904647797       0.42387512190279242     
  0.40200001909397542       0.42505479207779184     
  0.40300001914147288       0.42623546371013904     
  0.40400001918897033       0.42741714043678986     
  0.40500001923646778       0.42859982590490359     
  0.40600001928396523       0.42978352377189194     
  0.40700001933146268       0.43096823770546860     
  0.40800001937896013       0.43215397138369888     
  0.40900001942645758       0.43334072849504951     
  0.41000001947395504       0.43452851273843884     
  0.41100001952145249       0.43571732782328720     
  0.41200001956894994       0.43690717746956748     
  0.41300001961644739       0.43809806540785606     
  0.41400001966394484       0.43928999537938379     
  0.41500001971144229       0.44048297113608753     
  0.41600001975893974       0.44167699644066155     
  0.41700001980643719       0.44287207506660958     
  0.41800001985393465       0.44406821079829678     
  0.41900001990143210       0.44526540743100218     
  0.42000001994892955       0.44646366877097121     
  0.42100001999642700       0.44766299863546877     
  0.42200002004392445       0.44886340085283211     
  0.42300002009142190       0.45006487926252442     
  0.42400002013891935       0.45126743771518846     
  0.42500002018641680       0.45247108007270043     
  0.42600002023391426       0.45367581020822417     
  0.42700002028141171       0.45488163200626575     
  0.42800002032890916       0.45608854936272791     
  0.42900002037640661       0.45729656618496545     
  0.43000002042390406       0.45850568639184014     
  0.43100002047140151       0.45971591391377653     
  0.43200002051889896       0.46092725269281759     
  0.43300002056639642       0.46213970668268101     
  0.43400002061389387       0.46335327984881541     
  0.43500002066139132       0.46456797616845702     
  0.43600002070888877       0.46578379963068678     
  0.43700002075638622       0.46700075423648740     
  0.43800002080388367       0.46821884399880098     
  0.43900002085138112       0.46943807294258683     
  0.44000002089887857       0.47065844510487942     
  0.44100002094637603       0.47187996453484704     
  0.44200002099387348       0.47310263529385022     
  0.44300002104137093       0.47432646145550084     
  0.44400002108886838       0.47555144710572145     
  0.44500002113636583       0.47677759634280475     
  0.44600002118386328       0.47800491327747358     
  0.44700002123136073       0.47923340203294107     
  0.44800002127885818       0.48046306674497108     
  0.44900002132635564       0.48169391156193903     
  0.45000002137385309       0.48292594064489308     
  0.45100002142135054       0.48415915816761551     
  0.45200002146884799       0.48539356831668440     
  0.45300002151634544       0.48662917529153576     
  0.45400002156384289       0.48786598330452591     
  0.45500002161134034       0.48910399658099407     
  0.45600002165883780       0.49034321935932551     
  0.45700002170633525       0.49158365589101477     
  0.45800002175383270       0.49282531044072936     
  0.45900002180133015       0.49406818728637386     
  0.46000002184882760       0.49531229071915406     
  0.46100002189632505       0.49655762504364170     
  0.46200002194382250       0.49780419457783953     
  0.46300002199131995       0.49905200365324659     
  0.46400002203881741       0.50030105661492374     
  0.46500002208631486       0.50155135782155991     
  0.46600002213381231       0.50280291164553814     
  0.46700002218130976       0.50405572247300268     
  0.46800002222880721       0.50530979470392567     
  0.46900002227630466       0.50656513275217474     
  0.47000002232380211       0.50782174104558064     
  0.47100002237129956       0.50907962402600548     
  0.47200002241879702       0.51033878614941097     
  0.47300002246629447       0.51159923188592737     
  0.47400002251379192       0.51286096571992279     
  0.47500002256128937       0.51412399215007254     
  0.47600002260878682       0.51538831568942900     
  0.47700002265628427       0.51665394086549210     
  0.47800002270378172       0.51792087222027994     
  0.47900002275127918       0.51918911431039960     
  0.48000002279877663       0.52045867170711879     
  0.48100002284627408       0.52172954899643731     
  0.48200002289377153       0.52300175077915967     
  0.48300002294126898       0.52427528167096715     
  0.48400002298876643       0.52555014630249119     
  0.48500002303626388       0.52682634931938610     
  0.48600002308376133       0.52810389538240343     
  0.48700002313125879       0.52938278916746573     
  0.48800002317875624       0.53066303536574089     
  0.48900002322625369       0.53194463868371733     
  0.49000002327375114       0.53322760384327927     
  0.49100002332124859       0.53451193558178223     
  0.49200002336874604       0.53579763865212926     
  0.49300002341624349       0.53708471782284739     
  0.49400002346374094       0.53837317787816485     
  0.49500002351123840       0.53966302361808782     
  0.49600002355873585       0.54095425985847889     
  0.49700002360623330       0.54224689143113458     
  0.49800002365373075       0.54354092318386449     
  0.49900002370122820       0.54483635998057001     
  0.50000002374872565       0.54613320670132381     
  0.50100002379622310       0.54743146824244981     
  0.50200002384372056       0.54873114951660340     
  0.50300002389121801       0.55003225545285239     
  0.50400002393871546       0.55133479099675808     
  0.50500002398621291       0.55263876111045673     
  0.50600002403371036       0.55394417077274205     
  0.50700002408120781       0.55525102497914736     
  0.50800002412870526       0.55655932874202885     
  0.50900002417620271       0.55786908709064875     
  0.51000002422370017       0.55918030507125960     
  0.51100002427119762       0.56049298774718825     
  0.51200002431869507       0.56180714019892086     
  0.51300002436619252       0.56312276752418833     
  0.51400002441368997       0.56443987483805169     
  0.51500002446118742       0.56575846727298862     
  0.51600002450868487       0.56707854997898022     
  0.51700002455618232       0.56840012812359808     
  0.51800002460367978       0.56972320689209188     
  0.51900002465117723       0.57104779148747764     
  0.52000002469867468       0.57237388713062654     
  0.52100002474617213       0.57370149906035373     
  0.52200002479366958       0.57503063253350828     
  0.52300002484116703       0.57636129282506310     
  0.52400002488866448       0.57769348522820585     
  0.52500002493616194       0.57902721505442978     
  0.52600002498365939       0.58036248763362552     
  0.52700002503115684       0.58169930831417338     
  0.52800002507865429       0.58303768246303589     
  0.52900002512615174       0.58437761546585121     
  0.53000002517364919       0.58571911272702648     
  0.53100002522114664       0.58706217966983243     
  0.53200002526864409       0.58840682173649816     
  0.53300002531614155       0.58975304438830634     
  0.53400002536363900       0.59110085310568905     
  0.53500002541113645       0.59245025338832435     
  0.53600002545863390       0.59380125075523316     
  0.53700002550613135       0.59515385074487670     
  0.53800002555362880       0.59650805891525460     
  0.53900002560112625       0.59786388084400355     
  0.54000002564862370       0.59922132212849644     
  0.54100002569612116       0.60058038838594208     
  0.54200002574361861       0.60194108525348555     
  0.54300002579111606       0.60330341838830903     
  0.54400002583861351       0.60466739346773335     
  0.54500002588611096       0.60603301618932004     
  0.54600002593360841       0.60740029227097370     
  0.54700002598110586       0.60876922745104545     
  0.54800002602860332       0.61013982748843676     
  0.54900002607610077       0.61151209816270369     
  0.55000002612359822       0.61288604527416202     
  0.55100002617109567       0.61426167464399273     
  0.55200002621859312       0.61563899211434825     
  0.55300002626609057       0.61701800354845937     
  0.55400002631358802       0.61839871483074260     
  0.55500002636108547       0.61978113186690820     
  0.55600002640858293       0.62116526058406896     
  0.55700002645608038       0.62255110693084958     
  0.55800002650357783       0.62393867687749649     
  0.55900002655107528       0.62532797641598836     
  0.56000002659857273       0.62671901156014753     
  0.56100002664607018       0.62811178834575176     
  0.56200002669356763       0.62950631283064706     
  0.56300002674106508       0.63090259109486035     
  0.56400002678856254       0.63230062924071384     
  0.56500002683605999       0.63370043339293913     
  0.56600002688355744       0.63510200969879282     
  0.56700002693105489       0.63650536432817206     
  0.56800002697855234       0.63791050347373113     
  0.56900002702604979       0.63931743335099878     
  0.57000002707354724       0.64072616019849626     
  0.57100002712104470       0.64213669027785558     
  0.57200002716854215       0.64354902987393914     
  0.57300002721603960       0.64496318529495955     
  0.57400002726353705       0.64637916287260067     
  0.57500002731103450       0.64779696896213868     
  0.57600002735853195       0.64921660994256458     
  0.57700002740602940       0.65063809221670665     
  0.57800002745352685       0.65206142221135455     
  0.57900002750102431       0.65348660637738343     
  0.58000002754852176       0.65491365118987910     
  0.58100002759601921       0.65634256314826367     
  0.58200002764351666       0.65777334877642235     
  0.58300002769101411       0.65920601462283090     
  0.58400002773851156       0.66064056726068343     
  0.58500002778600901       0.66207701328802149     
  0.58600002783350646       0.66351535932786365     
  0.58700002788100392       0.66495561202833597     
  0.58800002792850137       0.66639777806280320     
  0.58900002797599882       0.66784186413000068     
  0.59000002802349627       0.66928787695416725     
  0.59100002807099372       0.67073582328517878     
  0.59200002811849117       0.67218570989868276     
  0.59300002816598862       0.67363754359623318     
  0.59400002821348608       0.67509133120542675     
  0.59500002826098353       0.67654707958003979     
  0.59600002830848098       0.67800479560016591     
  0.59700002835597843       0.67946448617235433     
  0.59800002840347588       0.68092615822974945     
  0.59900002845097333       0.68238981873223115     
  0.60000002849847078       0.68385547466655550     
  0.60100002854596823       0.68532313304649695     
  0.60200002859346569       0.68679280091299111     
  0.60300002864096314       0.68826448533427831     
  0.60400002868846059       0.68973819340604814     
  0.60500002873595804       0.69121393225158501     
  0.60600002878345549       0.69269170902191435     
  0.60700002883095294       0.69417153089594985     
  0.60800002887845039       0.69565340508064155     
  0.60900002892594784       0.69713733881112494     
  0.61000002897344530       0.69862333935087084     
  0.61100002902094275       0.70011141399183641     
  0.61200002906844020       0.70160157005461665     
  0.61300002911593765       0.70309381488859757     
  0.61400002916343510       0.70458815587210955     
  0.61500002921093255       0.70608460041258214     
  0.61600002925843000       0.70758315594669952     
  0.61700002930592746       0.70908382994055719     
  0.61800002935342491       0.71058662988981947     
  0.61900002940092236       0.71209156331987811     
  0.62000002944841981       0.71359863778601162     
  0.62100002949591726       0.71510786087354594     
  0.62200002954341471       0.71661924019801571     
  0.62300002959091216       0.71813278340532716     
  0.62400002963840961       0.71964849817192122     
  0.62500002968590707       0.72116639220493839     
  0.62600002973340452       0.72268647324238422     
  0.62700002978090197       0.72420874905329591     
  0.62800002982839942       0.72573322743791013     
  0.62900002987589687       0.72725991622783137     
  0.63000002992339432       0.72878882328620231     
  0.63100002997089177       0.73031995650787407     
  0.63200003001838923       0.73185332381957879     
  0.63300003006588668       0.73338893318010212     
  0.63400003011338413       0.73492679258045757     
  0.63500003016088158       0.73646691004406184     
  0.63600003020837903       0.73800929362691092     
  0.63700003025587648       0.73955395141775793     
  0.63800003030337393       0.74110089153829128     
  0.63900003035087138       0.74265012214331461     
  0.64000003039836884       0.74420165142092776     
  0.64100003044586629       0.74575548759270860     
  0.64200003049336374       0.74731163891389640     
  0.64300003054086119       0.74887011367357614     
  0.64400003058835864       0.75043092019486390     
  0.64500003063585609       0.75199406683509384     
  0.64600003068335354       0.75355956198600604     
  0.64700003073085099       0.75512741407393558     
  0.64800003077834845       0.75669763156000291     
  0.64900003082584590       0.75827022294030555     
  0.65000003087334335       0.75984519674611073     
  0.65100003092084080       0.76142256154404964     
  0.65200003096833825       0.76300232593631268     
  0.65300003101583570       0.76458449856084609     
  0.65400003106333315       0.76616908809154960     
  0.65500003111083061       0.76775610323847576     
  0.65600003115832806       0.76934555274803051     
  0.65700003120582551       0.77093744540317455     
  0.65800003125332296       0.77253179002362660     
  0.65900003130082041       0.77412859546606794     
  0.66000003134831786       0.77572787062434767     
  0.66100003139581531       0.77732962442969022     
  0.66200003144331276       0.77893386585090363     
  0.66300003149081022       0.78054060389458901     
  0.66400003153830767       0.78214984760535211     
  0.66500003158580512       0.78376160606601564     
  0.66600003163330257       0.78537588839783312     
  0.66700003168080002       0.78699270376070440     
  0.66800003172829747       0.78861206135339235     
  0.66900003177579492       0.79023397041374088     
  0.67000003182329237       0.79185844021889495     
  0.67100003187078983       0.79348548008552111     
  0.67200003191828728       0.79511509937003044     
  0.67300003196578473       0.79674730746880240     
  0.67400003201328218       0.79838211381841029     
  0.67500003206077963       0.80001952789584840     
  0.67600003210827708       0.80165955921876042     
  0.67700003215577453       0.80330221734566931     
  0.67800003220327199       0.80494751187620905     
  0.67900003225076944       0.80659545245135778     
  0.68000003229826689       0.80824604875367212     
  0.68100003234576434       0.80989931050752373     
  0.68200003239326179       0.81155524747933705     
  0.68300003244075924       0.81321386947782859     
  0.68400003248825669       0.81487518635424805     
  0.68500003253575414       0.81653920800262070     
  0.68600003258325160       0.81820594435999194     
  0.68700003263074905       0.81987540540667314     
  0.68800003267824650       0.82154760116648895     
  0.68900003272574395       0.82322254170702680     
  0.69000003277324140       0.82490023713988758     
  0.69100003282073885       0.82658069762093866     
  0.69200003286823630       0.82826393335056758     
  0.69300003291573375       0.82994995457393861     
  0.69400003296323121       0.83163877158125044     
  0.69500003301072866       0.83333039470799541     
  0.69600003305822611       0.83502483433522112     
  0.69700003310572356       0.83672210088979349     
  0.69800003315322101       0.83842220484466157     
  0.69900003320071846       0.84012515671912402     
  0.70000003324821591       0.84183096707909799     
  0.70100003329571337       0.84353964653738922     
  0.70200003334321082       0.84525120575396429     
  0.70300003339070827       0.84696565543622482     
  0.70400003343820572       0.84868300633928306     
  0.70500003348570317       0.85040326926624021     
  0.70600003353320062       0.85212645506846585     
  0.70700003358069807       0.85385257464587971     
  0.70800003362819552       0.85558163894723527     
  0.70900003367569298       0.85731365897040546     
  0.71000003372319043       0.85904864576267015     
  0.71100003377068788       0.86078661042100568     
  0.71200003381818533       0.86252756409237663     
  0.71300003386568278       0.86427151797402912     
  0.71400003391318023       0.86601848331378661     
  0.71500003396067768       0.86776847141034774     
  0.71600003400817513       0.86952149361358566     
  0.71700003405567259       0.87127756132485035     
  0.71800003410317004       0.87303668599727247     
  0.71900003415066749       0.87479887913606924     
  0.72000003419816494       0.87656415229885298     
  0.72100003424566239       0.87833251709594118     
  0.72200003429315984       0.88010398519066946     
  0.72300003434065729       0.88187856829970612     
  0.72400003438815475       0.88365627819336912     
  0.72500003443565220       0.88543712669594543     
  0.72600003448314965       0.88722112568601241     
  0.72700003453064710       0.88900828709676161     
  0.72800003457814455       0.89079862291632472     
  0.72900003462564200       0.89259214518810204     
  0.73000003467313945       0.89438886601109324     
  0.73100003472063690       0.89618879754022995     
  0.73200003476813436       0.89799195198671178     
  0.73300003481563181       0.89979834161834360     
  0.73400003486312926       0.90160797875987586     
  0.73500003491062671       0.90342087579334729     
  0.73600003495812416       0.90523704515842995     
  0.73700003500562161       0.90705649935277655     
  0.73800003505311906       0.90887925093237076     
  0.73900003510061651       0.91070531251187947     
  0.74000003514811397       0.91253469676500787     
  0.74100003519561142       0.91436741642485742     
  0.74200003524310887       0.91620348428428544     
  0.74300003529060632       0.91804291319626830     
  0.74400003533810377       0.91988571607426661     
  0.74500003538560122       0.92173190589259335     
  0.74600003543309867       0.92358149568678449     
  0.74700003548059613       0.92543449855397242     
  0.74800003552809358       0.92729092765326193     
  0.74900003557559103       0.92915079620610896     
  0.75000003562308848       0.93101411749670238     
  0.75100003567058593       0.93288090487234820     
  0.75200003571808338       0.93475117174385658     
  0.75300003576558083       0.93662493158593185     
  0.75400003581307828       0.93850219793756562     
  0.75500003586057574       0.94038298440243184     
  0.75600003590807319       0.94226730464928588     
  0.75700003595557064       0.94415517241236580     
  0.75800003600306809       0.94604660149179687     
  0.75900003605056554       0.94794160575399888     
  0.76000003609806299       0.94984019913209672     
  0.76100003614556044       0.95174239562633345     
  0.76200003619305789       0.95364820930448724     
  0.76300003624055535       0.95555765430229067     
  0.76400003628805280       0.95747074482385330     
  0.76500003633555025       0.95938749514208754     
  0.76600003638304770       0.96130791959913786     
  0.76700003643054515       0.96323203260681234     
  0.76800003647804260       0.96515984864701854     
  0.76900003652554005       0.96709138227220182     
  0.77000003657303751       0.96902664810578720     
  0.77100003662053496       0.97096566084262448     
  0.77200003666803241       0.97290843524943682     
  0.77300003671552986       0.97485498616527255     
  0.77400003676302731       0.97680532850196011     
  0.77500003681052476       0.97875947724456702     
  0.77600003685802221       0.98071744745186162     
  0.77700003690551966       0.98267925425677893     
  0.77800003695301712       0.98464491286688938     
  0.77900003700051457       0.98661443856487152     
  0.78000003704801202       0.98858784670898803     
  0.78100003709550947       0.99056515273356571     
  0.78200003714300692       0.99254637214947861     
  0.78300003719050437       0.99453152054463523     
  0.78400003723800182       0.99652061358446886     
  0.78500003728549927       0.99851366701243260     
  0.78600003733299673        1.0005106966504971     
  0.78700003738049418        1.0025117183996526     
  0.78800003742799163        1.0045167482404149     
  0.78900003747548908        1.0065258022333354     
  0.79000003752298653        1.0085388965195137     
  0.79100003757048398        1.0105560473211159     
  0.79200003761798143        1.0125772709418961     
  0.79300003766547889        1.0146025837677215     
  0.79400003771297634        1.0166320022671018     
  0.79500003776047379        1.0186655429917235     
  0.79600003780797124        1.0207032225769868     
  0.79700003785546869        1.0227450577425479     
  0.79800003790296614        1.0247910652928649     
  0.79900003795046359        1.0268412621177481     
  0.80000003799796104        1.0288956651929146     
  0.80100003804545850        1.0309542915805470     
  0.80200003809295595        1.0330171584298562     
  0.80300003814045340        1.0350842829776499     
  0.80400003818795085        1.0371556825489034     
  0.80500003823544830        1.0392313745573369     
  0.80600003828294575        1.0413113765059960     
  0.80700003833044320        1.0433957059878372     
  0.80800003837794065        1.0454843806863177     
  0.80900003842543811        1.0475774183759907     
  0.81000003847293556        1.0496748369231041     
  0.81100003852043301        1.0517766542862046     
  0.81200003856793046        1.0538828885167468     
  0.81300003861542791        1.0559935577597066     
  0.81400003866292536        1.0581086802541995     
  0.81500003871042281        1.0602282743341040     
  0.81600003875792027        1.0623523584286900     
  0.81700003880541772        1.0644809510632518     
  0.81800003885291517        1.0666140708597460     
  0.81900003890041262        1.0687517365374357     
  0.82000003894791007        1.0708939669135380     
  0.82100003899540752        1.0730407809038780     
  0.82200003904290497        1.0751921975235477     
  0.82300003909040242        1.0773482358875694     
  0.82400003913789988        1.0795089152115662     
  0.82500003918539733        1.0816742548124356     
  0.82600003923289478        1.0838442741090299     
  0.82700003928039223        1.0860189926228425     
  0.82800003932788968        1.0881984299786978     
  0.82900003937538713        1.0903826059054487     
  0.83000003942288458        1.0925715402366787     
  0.83100003947038203        1.0947652529114096     
  0.83200003951787949        1.0969637639748153     
  0.83300003956537694        1.0991670935789417     
  0.83400003961287439        1.1013752619834309     
  0.83500003966037184        1.1035882895562532     
  0.83600003970786929        1.1058061967744439     
  0.83700003975536674        1.1080290042248464     
  0.83800003980286419        1.1102567326048614     
  0.83900003985036165        1.1124894027232020     
  0.84000003989785910        1.1147270355006553     
  0.84100003994535655        1.1169696519708501     
  0.84200003999285400        1.1192172732810302     
  0.84300004004035145        1.1214699206928358     
  0.84400004008784890        1.1237276155830893     
  0.84500004013534635        1.1259903794445889     
  0.84600004018284380        1.1282582338869080     
  0.84700004023034126        1.1305312006372017     
  0.84800004027783871        1.1328093015410199     
  0.84900004032533616        1.1350925585631266     
  0.85000004037283361        1.1373809937883268     
  0.85100004042033106        1.1396746294222995     
  0.85200004046782851        1.1419734877924381     
  0.85300004051532596        1.1442775913486980     
  0.85400004056282341        1.1465869626644500     
  0.85500004061032087        1.1489016244373427     
  0.85600004065781832        1.1512215994901704     
  0.85700004070531577        1.1535469107717495     
  0.85800004075281322        1.1558775813578015     
  0.85900004080031067        1.1582136344518437     
  0.86000004084780812        1.1605550933860871     
  0.86100004089530557        1.1629019816223427     
  0.86200004094280303        1.1652543227529342     
  0.86300004099030048        1.1676121405016189     
  0.86400004103779793        1.1699754587245172     
  0.86500004108529538        1.1723443014110488     
  0.86600004113279283        1.1747186926848774     
  0.86700004118029028        1.1770986568048629     
  0.86800004122778773        1.1794842181660228     
  0.86900004127528518        1.1818754013005006     
  0.87000004132278264        1.1842722308785432     
  0.87100004137028009        1.1866747317094859     
  0.87200004141777754        1.1890829287427469     
  0.87300004146527499        1.1914968470688292     
  0.87400004151277244        1.1939165119203321     
  0.87500004156026989        1.1963419486729703     
  0.87600004160776734        1.1987731828466024     
  0.87700004165526479        1.2012102401062685     
  0.87800004170276225        1.2036531462632365     
  0.87900004175025970        1.2061019272760567     
  0.88000004179775715        1.2085566092516269     
  0.88100004184525460        1.2110172184462653     
  0.88200004189275205        1.2134837812667940     
  0.88300004194024950        1.2159563242716311     
  0.88400004198774695        1.2184348741718922     
  0.88500004203524441        1.2209194578325018     
  0.88600004208274186        1.2234101022733150     
  0.88700004213023931        1.2259068346702480     
  0.88800004217773676        1.2284096823564181     
  0.88900004222523421        1.2309186728232957     
  0.89000004227273166        1.2334338337218644     
  0.89100004232022911        1.2359551928637924     
  0.89200004236772656        1.2384827782226133     
  0.89300004241522402        1.2410166179349182     
  0.89400004246272147        1.2435567403015582     
  0.89500004251021892        1.2461031737888566     
  0.89600004255771637        1.2486559470298335     
  0.89700004260521382        1.2512150888254392     
  0.89800004265271127        1.2537806281458002     
  0.89900004270020872        1.2563525941314757     
  0.90000004274770617        1.2589310160947251     
  0.90100004279520363        1.2615159235207869     
  0.90200004284270108        1.2641073460691694     
  0.90300004289019853        1.2667053135749522     
  0.90400004293769598        1.2693098560501004     
  0.90500004298519343        1.2719210036847892     
  0.90600004303269088        1.2745387868487417     
  0.90700004308018833        1.2771632360925782     
  0.90800004312768579        1.2797943821491773     
  0.90900004317518324        1.2824322559350501     
  0.91000004322268069        1.2850768885517261     
  0.91100004327017814        1.2877283112871516     
  0.91200004331767559        1.2903865556171019     
  0.91300004336517304        1.2930516532066045     
  0.91400004341267049        1.2957236359113773     
  0.91500004346016794        1.2984025357792777     
  0.91600004350766540        1.3010883850517667     
  0.91700004355516285        1.3037812161653859     
  0.91800004360266030        1.3064810617532474     
  0.91900004365015775        1.3091879546465377     
  0.92000004369765520        1.3119019278760360     
  0.92100004374515265        1.3146230146736455     
  0.92200004379265010        1.3173512484739394     
  0.92300004384014755        1.3200866629157204     
  0.92400004388764501        1.3228292918435962     
  0.92500004393514246        1.3255791693095678     
  0.92600004398263991        1.3283363295746333     
  0.92700004403013736        1.3311008071104067     
  0.92800004407763481        1.3338726366007514     
  0.92900004412513226        1.3366518529434293     
  0.93000004417262971        1.3394384912517645     
  0.93100004422012717        1.3422325868563236     
  0.93200004426762462        1.3450341753066108     
  0.93300004431512207        1.3478432923727794     
  0.93400004436261952        1.3506599740473588     
  0.93500004441011697        1.3534842565469987     
  0.93600004445761442        1.3563161763142282     
  0.93700004450511187        1.3591557700192334     
  0.93800004455260932        1.3620030745616496     
  0.93900004460010678        1.3648581270723728     
  0.94000004464760423        1.3677209649153856     
  0.94100004469510168        1.3705916256896038     
  0.94200004474259913        1.3734701472307367     
  0.94300004479009658        1.3763565676131684     
  0.94400004483759403        1.3792509251518550     
  0.94500004488509148        1.3821532584042406     
  0.94600004493258893        1.3850636061721922     
  0.94700004498008639        1.3879820075039515     
  0.94800004502758384        1.3909085016961071     
  0.94900004507508129        1.3938431282955850     
  0.95000004512257874        1.3967859271016572     
  0.95100004517007619        1.3997369381679718     
  0.95200004521757364        1.4026962018046012     
  0.95300004526507109        1.4056637585801097     
  0.95400004531256855        1.4086396493236426     
  0.95500004536006600        1.4116239151270342     
  0.95600004540756345        1.4146165973469376     
  0.95700004545506090        1.4176177376069734     
  0.95800004550255835        1.4206273777999014     
  0.95900004555005580        1.4236455600898121     
  0.96000004559755325        1.4266723269143393     
  0.96100004564505070        1.4297077209868960     
  0.96200004569254816        1.4327517852989309     
  0.96300004574004561        1.4358045631222074     
  0.96400004578754306        1.4388660980111050     
  0.96500004583504051        1.4419364338049439     
  0.96600004588253796        1.4450156146303312     
  0.96700004593003541        1.4481036849035323     
  0.96800004597753286        1.4512006893328633     
  0.96900004602503031        1.4543066729211098     
  0.97000004607252777        1.4574216809679676     
  0.97100004612002522        1.4605457590725088     
  0.97200004616752267        1.4636789531356722     
  0.97300004621502012        1.4668213093627784     
  0.97400004626251757        1.4699728742660705     
  0.97500004631001502        1.4731336946672795     
  0.97600004635751247        1.4763038177002163     
  0.97700004640500993        1.4794832908133895     
  0.97800004645250738        1.4826721617726488     
  0.97900004650000483        1.4858704786638564     
  0.98000004654750228        1.4890782898955839     
  0.98100004659499973        1.4922956442018385     
  0.98200004664249718        1.4955225906448140     
  0.98300004668999463        1.4987591786176726     
  0.98400004673749208        1.5020054578473534     
  0.98500004678498954        1.5052614783974092     
  0.98600004683248699        1.5085272906708742     
  0.98700004687998444        1.5118029454131583     
  0.98800004692748189        1.5150884937149733     
  0.98900004697497934        1.5183839870152884     
  0.99000004702247679        1.5216894771043152     
  0.99100004706997424        1.5250050161265249     
  0.99200004711747169        1.5283306565836954     
  0.99300004716496915        1.5316664513379907     
  0.99400004721246660        1.5350124536150715     
  0.99500004725996405        1.5383687170072389     
  0.99600004730746150        1.5417352954766093     
  0.99700004735495895        1.5451122433583240     
  0.99800004740245640        1.5484996153637913     
  0.99900004744995385        1.5518974665839624     
   1.0000000474974513        1.5553058524926417     
   1.0010000475449488        1.5587248289498323     
   1.0020000475924462        1.5621544522051154     
   1.0030000476399437        1.5655947789010665     
   1.0040000476874411        1.5690458660767066     
   1.0050000477349386        1.5725077711709907     
   1.0060000477824360        1.5759805520263321     
   1.0070000478299335        1.5794642668921650     
   1.0080000478774309        1.5829589744285439     
   1.0090000479249284        1.5864647337097824     
   1.0100000479724258        1.5899816042281296     
   1.0110000480199233        1.5935096458974864     
   1.0120000480674207        1.5970489190571613     
   1.0130000481149182        1.6005994844756657     
   1.0140000481624156        1.6041614033545515     
   1.0150000482099131        1.6077347373322881     
   1.0160000482574105        1.6113195484881824     
   1.0170000483049080        1.6149158993463399     
   1.0180000483524054        1.6185238528796702     
   1.0190000483999029        1.6221434725139332     
   1.0200000484474003        1.6257748221318327     
   1.0210000484948978        1.6294179660771504     
   1.0220000485423952        1.6330729691589287     
   1.0230000485898927        1.6367398966556961     
   1.0240000486373901        1.6404188143197398     
   1.0250000486848876        1.6441097883814257     
   1.0260000487323850        1.6478128855535650     
   1.0270000487798825        1.6515281730358280     
   1.0280000488273799        1.6552557185192081     
   1.0290000488748774        1.6589955901905329     
   1.0300000489223748        1.6627478567370275     
   1.0310000489698723        1.6665125873509261     
   1.0320000490173697        1.6702898517341356     
   1.0330000490648672        1.6740797201029507     
   1.0340000491123646        1.6778822631928219     
   1.0350000491598621        1.6816975522631754     
   1.0360000492073596        1.6855256591022887     
   1.0370000492548570        1.6893666560322185     
   1.0380000493023545        1.6932206159137853     
   1.0390000493498519        1.6970876121516132     
   1.0400000493973494        1.7009677186992269     
   1.0410000494448468        1.7048610100642052     
   1.0420000494923443        1.7087675613133935     
   1.0430000495398417        1.7126874480781751     
   1.0440000495873392        1.7166207465598013     
   1.0450000496348366        1.7205675335347832     
   1.0460000496823341        1.7245278863603439     
   1.0470000497298315        1.7285018829799330     
   1.0480000497773290        1.7324896019288047     
   1.0490000498248264        1.7364911223396582     
   1.0500000498723239        1.7405065239483439     
   1.0510000499198213        1.7445358870996353     
   1.0520000499673188        1.7485792927530652     
   1.0530000500148162        1.7526368224888325     
   1.0540000500623137        1.7567085585137734     
   1.0550000501098111        1.7607945836674046     
   1.0560000501573086        1.7648949814280355     
   1.0570000502048060        1.7690098359189503     
   1.0580000502523035        1.7731392319146642     
   1.0590000502998009        1.7772832548472497     
   1.0600000503472984        1.7814419908127395     
   1.0610000503947958        1.7856155265776026     
   1.0620000504422933        1.7898039495852971     
   1.0630000504897907        1.7940073479628988     
   1.0640000505372882        1.7982258105278099     
   1.0650000505847856        1.8024594267945444     
   1.0660000506322831        1.8067082869815949     
   1.0670000506797805        1.8109724820183812     
   1.0680000507272780        1.8152521035522802     
   1.0690000507747754        1.8195472439557394     
   1.0700000508222729        1.8238579963334760     
   1.0710000508697703        1.8281844545297612     
   1.0720000509172678        1.8325267131357916     
   1.0730000509647653        1.8368848674971492     
   1.0740000510122627        1.8412590137213500     
   1.0750000510597602        1.8456492486854852     
   1.0760000511072576        1.8500556700439523     
   1.0770000511547551        1.8544783762362813     
   1.0780000512022525        1.8589174664950547     
   1.0790000512497500        1.8633730408539235     
   1.0800000512972474        1.8678452001557209     
   1.0810000513447449        1.8723340460606743     
   1.0820000513922423        1.8768396810547183     
   1.0830000514397398        1.8813622084579085     
   1.0840000514872372        1.8859017324329379     
   1.0850000515347347        1.8904583579937595     
   1.0860000515822321        1.8950321910143133     
   1.0870000516297296        1.8996233382373615     
   1.0880000516772270        1.9042319072834328     
   1.0890000517247245        1.9088580066598770     
   1.0900000517722219        1.9135017457700323     
   1.0910000518197194        1.9181632349225062     
   1.0920000518672168        1.9228425853405717     
   1.0930000519147143        1.9275399091716818     
   1.0940000519622117        1.9322553194971013     
   1.0950000520097092        1.9369889303416605     
   1.0960000520572066        1.9417408566836309     
   1.0970000521047041        1.9465112144647252     
   1.0980000521522015        1.9513001206002230     
   1.0990000521996990        1.9561076929892249     
   1.1000000522471964        1.9609340505250363     
   1.1010000522946939        1.9657793131056824     
   1.1020000523421913        1.9706436016445579     
   1.1030000523896888        1.9755270380812113     
   1.1040000524371862        1.9804297453922672     
   1.1050000524846837        1.9853518476024890     
   1.1060000525321811        1.9902934697959820     
   1.1070000525796786        1.9952547381275421     
   1.1080000526271760        2.0002357798341492     
   1.1090000526746735        2.0052367232466102     
   1.1100000527221709        2.0102576978013507     
   1.1110000527696684        2.0152988340523614     
   1.1120000528171659        2.0203602636832994     
   1.1130000528646633        2.0254421195197452     
   1.1140000529121608        2.0305445355416216     
   1.1150000529596582        2.0356676468957744     
   1.1160000530071557        2.0408115899087167     
   1.1170000530546531        2.0459765020995424     
   1.1180000531021506        2.0511625221930085     
   1.1190000531496480        2.0563697901327895     
   1.1200000531971455        2.0615984470949082     
   1.1210000532446429        2.0668486355013429     
   1.1220000532921404        2.0721204990338169     
   1.1230000533396378        2.0774141826477694     
   1.1240000533871353        2.0827298325865153     
   1.1250000534346327        2.0880675963955913     
   1.1260000534821302        2.0934276229372961     
   1.1270000535296276        2.0988100624054251     
   1.1280000535771251        2.1042150663402035     
   1.1290000536246225        2.1096427876434194     
   1.1300000536721200        2.1150933805937644     
   1.1310000537196174        2.1205670008623789     
   1.1320000537671149        2.1260638055286094     
   1.1330000538146123        2.1315839530959813     
   1.1340000538621098        2.1371276035083868     
   1.1350000539096072        2.1426949181664976     
   1.1360000539571047        2.1482860599443989     
   1.1370000540046021        2.1539011932064547     
   1.1380000540520996        2.1595404838244030     
   1.1390000540995970        2.1652040991946868     
   1.1400000541470945        2.1708922082560269     
   1.1410000541945919        2.1766049815072357     
   1.1420000542420894        2.1823425910252796     
   1.1430000542895868        2.1881052104835921     
   1.1440000543370843        2.1938930151706435     
   1.1450000543845817        2.1997061820087684     
   1.1460000544320792        2.2055448895732597     
   1.1470000544795766        2.2114093181117278     
   1.1480000545270741        2.2172996495637349     
   1.1490000545745715        2.2232160675807053     
   1.1500000546220690        2.2291587575461169     
   1.1510000546695665        2.2351279065959808     
   1.1520000547170639        2.2411237036396101     
   1.1530000547645614        2.2471463393806852     
   1.1540000548120588        2.2531960063386212     
   1.1550000548595563        2.2592728988702384     
   1.1560000549070537        2.2653772131917473     
   1.1570000549545512        2.2715091474010469     
   1.1580000550020486        2.2776689015003462     
   1.1590000550495461        2.2838566774191116     
   1.1600000550970435        2.2900726790373476     
   1.1610000551445410        2.2963171122092154     
   1.1620000551920384        2.3025901847869954     
   1.1630000552395359        2.3088921066453980     
   1.1640000552870333        2.3152230897062331     
   1.1650000553345308        2.3215833479634380     
   1.1660000553820282        2.3279730975084760     
   1.1670000554295257        2.3343925565561072     
   1.1680000554770231        2.3408419454705411     
   1.1690000555245206        2.3473214867919769     
   1.1700000555720180        2.3538314052635370     
   1.1710000556195155        2.3603719278585999     
   1.1720000556670129        2.3669432838085456     
   1.1730000557145104        2.3735457046309101     
   1.1740000557620078        2.3801794241579666     
   1.1750000558095053        2.3868446785657342     
   1.1760000558570027        2.3935417064034237     
   1.1770000559045002        2.4002707486233286     
   1.1780000559519976        2.4070320486111698     
   1.1790000559994951        2.4138258522168994     
   1.1800000560469925        2.4206524077859739     
   1.1810000560944900        2.4275119661911053     
   1.1820000561419874        2.4344047808644973     
   1.1830000561894849        2.4413311078305759     
   1.1840000562369823        2.4482912057392241     
   1.1850000562844798        2.4552853358995272     
   1.1860000563319772        2.4623137623140430     
   1.1870000563794747        2.4693767517135981     
   1.1880000564269722        2.4764745735926299     
   1.1890000564744696        2.4836075002450766     
   1.1900000565219671        2.4907758068008263     
   1.1910000565694645        2.4979797712627407     
   1.1920000566169620        2.5052196745442554     
   1.1930000566644594        2.5124958005075766     
   1.1940000567119569        2.5198084360024762     
   1.1950000567594543        2.5271578709057048     
   1.1960000568069518        2.5345443981610267     
   1.1970000568544492        2.5419683138198934     
   1.1980000569019467        2.5494299170827648     
   1.1990000569494441        2.5569295103410932     
   1.2000000569969416        2.5644673992199767     
   1.2010000570444390        2.5720438926215028     
   1.2020000570919365        2.5796593027687869     
   1.2030000571394339        2.5873139452507243     
   1.2040000571869314        2.5950081390674677     
   1.2050000572344288        2.6027422066766426     
   1.2060000572819263        2.6105164740403164     
   1.2070000573294237        2.6183312706727353     
   1.2080000573769212        2.6261869296888416     
   1.2090000574244186        2.6340837878535908     
   1.2100000574719161        2.6420221856320776     
   1.2110000575194135        2.6500024672404927     
   1.2120000575669110        2.6580249806979221     
   1.2130000576144084        2.6660900778790078     
   1.2140000576619059        2.6741981145674836     
   1.2150000577094033        2.6823494505106074     
   1.2160000577569008        2.6905444494745034     
   1.2170000578043982        2.6987834793004346     
   1.2180000578518957        2.7070669119620216     
   1.2190000578993931        2.7153951236234302     
   1.2200000579468906        2.7237684946985419     
   1.2210000579943880        2.7321874099111314     
   1.2220000580418855        2.7406522583560671     
   1.2230000580893829        2.7491634335615585     
   1.2240000581368804        2.7577213335524688     
   1.2250000581843778        2.7663263609147162     
   1.2260000582318753        2.7749789228607824     
   1.2270000582793728        2.7836794312963558     
   1.2280000583268702        2.7924283028881272     
   1.2290000583743677        2.8012259591327640     
   1.2300000584218651        2.8100728264270867     
   1.2310000584693626        2.8189693361394723     
   1.2320000585168600        2.8279159246825070     
   1.2330000585643575        2.8369130335869195     
   1.2340000586118549        2.8459611095768151     
   1.2350000586593524        2.8550606046462415     
   1.2360000587068498        2.8642119761371112     
   1.2370000587543473        2.8734156868185114     
   1.2380000588018447        2.8826722049674269     
   1.2390000588493422        2.8919820044509104     
   1.2400000588968396        2.9013455648097235     
   1.2410000589443371        2.9107633713434864     
   1.2420000589918345        2.9202359151973631     
   1.2430000590393320        2.9297636934503171     
   1.2440000590868294        2.9393472092049691     
   1.2450000591343269        2.9489869716790942     
   1.2460000591818243        2.9586834962987876     
   1.2470000592293218        2.9684373047933392     
   1.2480000592768192        2.9782489252918549     
   1.2490000593243167        2.9881188924216553     
   1.2500000593718141        2.9980477474084979     
   1.2510000594193116        3.0080360381786573     
   1.2520000594668090        3.0180843194629063     
   1.2530000595143065        3.0281931529024382     
   1.2540000595618039        3.0383631071567705     
   1.2550000596093014        3.0485947580136790     
   1.2560000596567988        3.0588886885012028     
   1.2570000597042963        3.0692454890017649     
   1.2580000597517937        3.0796657573684585     
   1.2590000597992912        3.0901500990435458     
   1.2600000598467886        3.1006991271792166     
   1.2610000598942861        3.1113134627606605     
   1.2620000599417835        3.1219937347315017     
   1.2630000599892810        3.1327405801216521     
   1.2640000600367785        3.1435546441776334     
   1.2650000600842759        3.1544365804954282     
   1.2660000601317734        3.1653870511559155     
   1.2670000601792708        3.1764067268629477     
   1.2680000602267683        3.1874962870841337     
   1.2690000602742657        3.1986564201943866     
   1.2700000603217632        3.2098878236223003     
   1.2710000603692606        3.2211912039994206     
   1.2720000604167581        3.2325672773124783     
   1.2730000604642555        3.2440167690586512     
   1.2740000605117530        3.2555404144039288     
   1.2750000605592504        3.2671389583446473     
   1.2760000606067479        3.2788131558722751     
   1.2770000606542453        3.2905637721415206     
   1.2780000607017428        3.3023915826418415     
   1.2790000607492402        3.3142973733724399     
   1.2800000607967377        3.3262819410208198     
   1.2810000608442351        3.3383460931449975     
   1.2820000608917326        3.3504906483594494     
   1.2830000609392300        3.3627164365248872     
   1.2840000609867275        3.3750242989419537     
   1.2850000610342249        3.3874150885489334     
   1.2860000610817224        3.3998896701235730     
   1.2870000611292198        3.4124489204891182     
   1.2880000611767173        3.4250937287246619     
   1.2890000612242147        3.4378249963799137     
   1.2900000612717122        3.4506436376945011     
   1.2910000613192096        3.4635505798219093     
   1.2920000613667071        3.4765467630581797     
   1.2930000614142045        3.4896331410754797     
   1.2940000614617020        3.5028106811606716     
   1.2950000615091994        3.5160803644590009     
   1.2960000615566969        3.5294431862230349     
   1.2970000616041943        3.5429001560669828     
   1.2980000616516918        3.5564522982265343     
   1.2990000616991892        3.5701006518243572     
   1.3000000617466867        3.5838462711413959     
   1.3010000617941841        3.5976902258941226     
   1.3020000618416816        3.6116336015178914     
   1.3030000618891791        3.6256774994565539     
   1.3040000619366765        3.6398230374584966     
   1.3050000619841740        3.6540713498792687     
   1.3060000620316714        3.6684235879909721     
   1.3070000620791689        3.6828809202985870     
   1.3080000621266663        3.6974445328634209     
   1.3090000621741638        3.7121156296338622     
   1.3100000622216612        3.7268954327836372     
   1.3110000622691587        3.7417851830577660     
   1.3120000623166561        3.7567861401264238     
   1.3130000623641536        3.7718995829469195     
   1.3140000624116510        3.7871268101340090     
   1.3150000624591485        3.8024691403387663     
   1.3160000625066459        3.8179279126362471     
   1.3170000625541434        3.8335044869221817     
   1.3180000626016408        3.8492002443189426     
   1.3190000626491383        3.8650165875910436     
   1.3200000626966357        3.8809549415704288     
   1.3210000627441332        3.8970167535918239     
   1.3220000627916306        3.9132034939384281     
   1.3230000628391281        3.9295166562982335     
   1.3240000628866255        3.9459577582312693     
   1.3250000629341230        3.9625283416480754     
   1.3260000629816204        3.9792299732997245     
   1.3270000630291179        3.9960642452797166     
   1.3280000630766153        4.0130327755380817     
   1.3290000631241128        4.0301372084080418     
   1.3300000631716102        4.0473792151455878     
   1.3310000632191077        4.0647604944823472     
   1.3320000632666051        4.0822827731921150     
   1.3330000633141026        4.0999478066714605     
   1.3340000633616000        4.1177573795348001     
   1.3350000634090975        4.1357133062243738     
   1.3360000634565949        4.1538174316355549     
   1.3370000635040924        4.1720716317579427     
   1.3380000635515898        4.1904778143327084     
   1.3390000635990873        4.2090379195266809     
   1.3400000636465847        4.2277539206236572     
   1.3410000636940822        4.2466278247334683     
   1.3420000637415797        4.2656616735193280     
   1.3430000637890771        4.2848575439440149     
   1.3440000638365746        4.3042175490354593     
   1.3450000638840720        4.3237438386723328     
   1.3460000639315695        4.3434386003902405     
   1.3470000639790669        4.3633040602091588     
   1.3480000640265644        4.3833424834827710     
   1.3490000640740618        4.4035561757703752     
   1.3500000641215593        4.4239474837320758     
   1.3510000641690567        4.4445187960479799     
   1.3520000642165542        4.4652725443621542     
   1.3530000642640516        4.4862112042521218     
   1.3540000643115491        4.5073372962247147     
   1.3550000643590465        4.5286533867391130     
   1.3560000644065440        4.5501620892579453     
   1.3570000644540414        4.5718660653273488     
   1.3580000645015389        4.5937680256869280     
   1.3590000645490363        4.6158707314105740     
   1.3600000645965338        4.6381769950791574     
   1.3610000646440312        4.6606896819861339     
   1.3620000646915287        4.6834117113771443     
   1.3630000647390261        4.7063460577247316     
   1.3640000647865236        4.7294957520393437     
   1.3650000648340210        4.7528638832178283     
   1.3660000648815185        4.7764535994306758     
   1.3670000649290159        4.8002681095493189     
   1.3680000649765134        4.8243106846148365     
   1.3690000650240108        4.8485846593494770     
   1.3700000650715083        4.8730934337124605     
   1.3710000651190057        4.8978404745015736     
   1.3720000651665032        4.9228293170021455     
   1.3730000652140006        4.9480635666850441     
   1.3740000652614981        4.9735469009553936     
   1.3750000653089955        4.9992830709537994     
   1.3760000653564930        5.0252759034119183     
   1.3770000654039904        5.0515293025643002     
   1.3780000654514879        5.0780472521185009     
   1.3790000654989854        5.1048338172855425     
   1.3800000655464828        5.1318931468728941     
   1.3810000655939803        5.1592294754422205     
   1.3820000656414777        5.1868471255342605     
   1.3830000656889752        5.2147505099632632     
   1.3840000657364726        5.2429441341835501     
   1.3850000657839701        5.2714325987308488     
   1.3860000658314675        5.3002206017411675     
   1.3870000658789650        5.3293129415501008     
   1.3880000659264624        5.3587145193755745     
   1.3890000659739599        5.3884303420871671     
   1.3900000660214573        5.4184655250652876     
   1.3910000660689548        5.4488252951536200     
   1.3920000661164522        5.4795149937084080     
   1.3930000661639497        5.5105400797482957     
   1.3940000662114471        5.5419061332086157     
   1.3950000662589446        5.5736188583041848     
   1.3960000663064420        5.6056840870048452     
   1.3970000663539395        5.6381077826281878     
   1.3980000664014369        5.6708960435540794     
   1.3990000664489344        5.7040551070658481     
   1.4000000664964318        5.7375913533231779     
   1.4010000665439293        5.7715113094720181     
   1.4020000665914267        5.8058216538970351     
   1.4030000666389242        5.8405292206224155     
   1.4040000666864216        5.8756410038670799     
   1.4050000667339191        5.9111641627606630     
   1.4060000667814165        5.9471060262269155     
   1.4070000668289140        5.9834740980414907     
   1.4080000668764114        6.0202760620714235     
   1.4090000669239089        6.0575197877039555     
   1.4100000669714063        6.0952133354727280     
   1.4110000670189038        6.1333649628897575     
   1.4120000670664012        6.1719831304920261     
   1.4130000671138987        6.2110765081119403     
   1.4140000671613961        6.2506539813813893     
   1.4150000672088936        6.2907246584796033     
   1.4160000672563910        6.3312978771355306     
   1.4170000673038885        6.3723832118960004     
   1.4180000673513860        6.4139904816714939     
   1.4190000673988834        6.4561297575719747     
   1.4200000674463809        6.4988113710458491     
   1.4210000674938783        6.5420459223358147     
   1.4220000675413758        6.5858442892660758     
   1.4230000675888732        6.6302176363761554     
   1.4240000676363707        6.6751774244173436     
   1.4250000676838681        6.7207354202286833     
   1.4260000677313656        6.7669037070102753     
   1.4270000677788630        6.8136946950126775     
   1.4280000678263605        6.8611211326621566     
   1.4290000678738579        6.9091961181426589     
   1.4300000679213554        6.9579331114564997     
   1.4310000679688528        7.0073459469869857     
   1.4320000680163503        7.0574488465875005     
   1.4330000680638477        7.1082564332229303     
   1.4340000681113452        7.1597837451908015     
   1.4350000681588426        7.2120462509510359     
   1.4360000682063401        7.2650598645949040     
   1.4370000682538375        7.3188409619855168     
   1.4380000683013350        7.3734063976040725     
   1.4390000683488324        7.4287735221380986     
   1.4400000683963299        7.4849602008500424     
   1.4410000684438273        7.5419848327668761     
   1.4420000684913248        7.5998663707337872     
   1.4430000685388222        7.6586243423776512     
   1.4440000685863197        7.7182788720287485     
   1.4450000686338171        7.7788507036521617     
   1.4460000686813146        7.8403612248434644     
   1.4470000687288120        7.9028324919467190     
   1.4480000687763095        7.9662872563564271     
   1.4490000688238069        8.0307489920689825     
   1.4500000688713044        8.0962419245533468     
   1.4510000689188018        8.1627910610151559     
   1.4520000689662993        8.2304222221332530     
   1.4530000690137967        8.2991620753528057     
   1.4540000690612942        8.3690381698247158     
   1.4550000691087916        8.4400789730869565     
   1.4560000691562891        8.5123139095898761     
   1.4570000692037866        8.5857734011744125     
   1.4580000692512840        8.6604889096195219     
   1.4590000692987815        8.7364929813831633     
   1.4600000693462789        8.8138192946697238     
   1.4610000693937764        8.8925027089660773     
   1.4620000694412738        8.9725793171984805     
   1.4630000694887713        9.0540865006732822     
   1.4640000695362687        9.1370629869761277     
   1.4650000695837662        9.2215489110169635     
   1.4660000696312636        9.3075858794217776     
   1.4670000696787611        9.3952170384868463     
   1.4680000697262585        9.4844871459272220     
   1.4690000697737560        9.5754426466686358     
   1.4700000698212534        9.6681317529507727     
   1.4710000698687509        9.7626045290304031     
   1.4720000699162483        9.8589129807950542     
   1.4730000699637458        9.9571111506221062     
   1.4740000700112432        10.057255217844537     
   1.4750000700587407        10.159403605213186     
   1.4760000701062381        10.263617091776679     
   1.4770000701537356        10.369958932634255     
   1.4780000702012330        10.478494986053962     
   1.4790000702487305        10.589293848489383     
   1.4800000702962279        10.702426998072575     
   1.4810000703437254        10.817968947209595     
   1.4820000703912228        10.935997404958437     
   1.4830000704387203        11.056593449927700     
   1.4840000704862177        11.179841714498663     
   1.4850000705337152        11.305830581244058     
   1.4860000705812126        11.434652392494558     
   1.4870000706287101        11.566403674089589     
   1.4880000706762075        11.701185374443369     
   1.4890000707237050        11.839103120161198     
   1.4900000707712024        11.980267489555956     
   1.4910000708186999        12.124794305541922     
   1.4920000708661973        12.272804949523753     
   1.4930000709136948        12.424426698054454     
   1.4940000709611923        12.579793084209289     
   1.4950000710086897        12.739044285814835     
   1.4960000710561872        12.902327542886324     
   1.4970000711036846        13.069797606864649     
   1.4980000711511821        13.241617224510048     
   1.4990000711986795        13.417957659606209     
   1.5000000712461770        13.598999255960209     
   1.5010000712936744        13.784932045555149     
   1.5020000713411719        13.975956406128892     
   1.5030000713886693        14.172283772919958     
   1.5040000714361668        14.374137409847661     
   1.5050000714836642        14.581753245986066     
   1.5060000715311617        14.795380783859654     
   1.5070000715786591        15.015284086843904     
   1.5080000716261566        15.241742853808745     
   1.5090000716736540        15.475053590112040     
   1.5100000717211515        15.715530885150939     
   1.5110000717686489        15.963508807931390     
   1.5120000718161464        16.219342433543737     
   1.5130000718636438        16.483409515062803     
   1.5140000719111413        16.756112317256754     
   1.5150000719586387        17.037879630628506     
   1.5160000720061362        17.329168986771794     
   1.5170000720536336        17.630469098854874     
   1.5180000721011311        17.942302554311844     
   1.5190000721486285        18.265228790600482     
   1.5200000721961260        18.599847389266991     
   1.5210000722436234        18.946801728650460     
   1.5220000722911209        19.306783041493446     
   1.5230000723386183        19.680534930657007     
   1.5240000723861158        20.068858404258194     
   1.5250000724336132        20.472617501085885     
   1.5260000724811107        20.892745588386667     
   1.5270000725286081        21.330252427388178     
   1.5280000725761056        21.786232117662149     
   1.5290000726236030        22.261872050138486     
   1.5300000726711005        22.758463020902028     
   1.5310000727185979        23.277410684624481     
   1.5320000727660954        23.820248558588567     
   1.5330000728135929        24.388652826979261     
   1.5340000728610903        24.984459241993470     
   1.5350000729085878        25.609682475304812     
   1.5360000729560852        26.266538342989726     
   1.5370000730035827        26.957469412330937     
   1.5380000730510801        27.685174604011834     
   1.5390000730985776        28.452643533319272     
   1.5400000731460750        29.263196495852604     
   1.5410000731935725        30.120531205728696     
   1.5420000732410699        31.028777648983361     
   1.5430000732885674        31.992562737150745     
   1.5440000733360648        33.017086856303557     
   1.5450000733835623        34.108214932606053     
   1.5460000734310597        35.272585313799524     
   1.5470000734785572        36.517740647660496     
   1.5480000735260546        37.852286093057799     
   1.5490000735735521        39.286081723630133     
   1.5500000736210495        40.830478014180763     
   1.5510000736685470        42.498606028279085     
   1.5520000737160444        44.305737628460108     
   1.5530000737635419        46.269736108546972     
   1.5540000738110393        48.411624689835790     
   1.5550000738585368        50.756310206311888     
   1.5560000739060342        53.333513354481823     
   1.5570000739535317        56.178977136366782     
   1.5580000740010291        59.336054758408338     
   1.5590000740485266        62.857822319976144     
   1.5600000740960240        66.809928334500796     
   1.5610000741435215        71.274495070617462     
   1.5620000741910189        76.355548959526033     
   1.5630000742385164        82.186719093402317     
   1.5640000742860138        88.942376209616612     
   1.5650000743335113        96.854122871217371     
   1.5660000743810087        106.23584443397809     
   1.5670000744285062        117.52289961268481     
   1.5680000744760036        131.33553220212281     
   1.5690000745235011        148.58555504026972     
