   1.0000000474974513E-003   1.0000005474975226E-003
   2.0000000949949026E-003   2.0000030949988302E-003
   3.0000001424923539E-003   3.0000096425242080E-003
   4.0000001899898052E-003   4.0000221901259417E-003
   5.0000002374872565E-003   5.0000427379043172E-003
   6.0000002849847078E-003   6.0000732860236248E-003
   7.0000003324821591E-003   7.0001158347281602E-003
   8.0000003799796104E-003   8.0001723843582291E-003
   9.0000004274770617E-003   9.0002449353661536E-003
   1.0000000474974513E-002   1.0000335488332278E-002
   1.1000000522471964E-002   1.1000446043980981E-002
   1.2000000569969416E-002   1.2000578603196685E-002
   1.3000000617466867E-002   1.3000735167039876E-002
   1.4000000664964318E-002   1.4000917736763119E-002
   1.5000000712461770E-002   1.5001128313827076E-002
   1.6000000759959221E-002   1.6001368899916536E-002
   1.7000000807456672E-002   1.7001641496956439E-002
   1.8000000854954123E-002   1.8001948107127914E-002
   1.9000000902451575E-002   1.9002290732884314E-002
   2.0000000949949026E-002   2.0002671376967256E-002
   2.1000000997446477E-002   2.1003092042422667E-002
   2.2000001044943929E-002   2.2003554732616840E-002
   2.3000001092441380E-002   2.3004061451252489E-002
   2.4000001139938831E-002   2.4004614202384811E-002
   2.5000001187436283E-002   2.5005214990437553E-002
   2.6000001234933734E-002   2.6005865820219097E-002
   2.7000001282431185E-002   2.7006568696938526E-002
   2.8000001329928637E-002   2.8007325626221727E-002
   2.9000001377426088E-002   2.9008138614127481E-002
   3.0000001424923539E-002   3.0009009667163564E-002
   3.1000001472420990E-002   3.1009940792302862E-002
   3.2000001519918442E-002   3.2010933996999488E-002
   3.3000001567415893E-002   3.3011991289204907E-002
   3.4000001614913344E-002   3.4013114677384076E-002
   3.5000001662410796E-002   3.5014306170531577E-002
   3.6000001709908247E-002   3.6015567778187783E-002
   3.7000001757405698E-002   3.7016901510455023E-002
   3.8000001804903150E-002   3.8018309378013732E-002
   3.9000001852400601E-002   3.9019793392138652E-002
   4.0000001899898052E-002   4.0021355564715026E-002
   4.1000001947395504E-002   4.1022997908254789E-002
   4.2000001994892955E-002   4.2024722435912786E-002
   4.3000002042390406E-002   4.3026531161502991E-002
   4.4000002089887857E-002   4.4028426099514746E-002
   4.5000002137385309E-002   4.5030409265129023E-002
   4.6000002184882760E-002   4.6032482674234647E-002
   4.7000002232380211E-002   4.7034648343444604E-002
   4.8000002279877663E-002   4.8036908290112305E-002
   4.9000002327375114E-002   4.9039264532347880E-002
   5.0000002374872565E-002   5.0041719089034493E-002
   5.1000002422370017E-002   5.1044273979844665E-002
   5.2000002469867468E-002   5.2046931225256596E-002
   5.3000002517364919E-002   5.3049692846570531E-002
   5.4000002564862370E-002   5.4052560865925123E-002
   5.5000002612359822E-002   5.5055537306313795E-002
   5.6000002659857273E-002   5.6058624191601146E-002
   5.7000002707354724E-002   5.7061823546539346E-002
   5.8000002754852176E-002   5.8065137396784566E-002
   5.9000002802349627E-002   5.9068567768913414E-002
   6.0000002849847078E-002   6.0072116690439402E-002
   6.1000002897344530E-002   6.1075786189829381E-002
   6.2000002944841981E-002   6.2079578296520062E-002
   6.3000002992339432E-002   6.3083495040934495E-002
   6.4000003039836884E-002   6.4087538454498619E-002
   6.5000003087334335E-002   6.5091710569657735E-002
   6.6000003134831786E-002   6.6096013419893143E-002
   6.7000003182329237E-002   6.7100449039738649E-002
   6.8000003229826689E-002   6.8105019464797190E-002
   6.9000003277324140E-002   6.9109726731757415E-002
   7.0000003324821591E-002   7.0114572878410344E-002
   7.1000003372319043E-002   7.1119559943665978E-002
   7.2000003419816494E-002   7.2124689967569988E-002
   7.3000003467313945E-002   7.3129964991320406E-002
   7.4000003514811397E-002   7.4135387057284299E-002
   7.5000003562308848E-002   7.5140958209014508E-002
   7.6000003609806299E-002   7.6146680491266411E-002
   7.7000003657303751E-002   7.7152555950014662E-002
   7.8000003704801202E-002   7.8158586632469981E-002
   7.9000003752298653E-002   7.9164774587095976E-002
   8.0000003799796104E-002   8.0171121863625960E-002
   8.1000003847293556E-002   8.1177630513079801E-002
   8.2000003894791007E-002   8.2184302587780811E-002
   8.3000003942288458E-002   8.3191140141372619E-002
   8.4000003989785910E-002   8.4198145228836091E-002
   8.5000004037283361E-002   8.5205319906506302E-002
   8.6000004084780812E-002   8.6212666232089452E-002
   8.7000004132278264E-002   8.7220186264679894E-002
   8.8000004179775715E-002   8.8227882064777136E-002
   8.9000004227273166E-002   8.9235755694302865E-002
   9.0000004274770617E-002   9.0243809216618023E-002
   9.1000004322268069E-002   9.1252044696539886E-002
   9.2000004369765520E-002   9.2260464200359160E-002
   9.3000004417262971E-002   9.3269069795857154E-002
   9.4000004464760423E-002   9.4277863552322913E-002
   9.5000004512257874E-002   9.5286847540570402E-002
   9.6000004559755325E-002   9.6296023832955754E-002
   9.7000004607252777E-002   9.7305394503394468E-002
   9.8000004654750228E-002   9.8314961627378711E-002
   9.9000004702247679E-002   9.9324727281994610E-002
  0.10000000474974513       0.10033469354593955     
  0.10100000479724258       0.10134486249953953     
  0.10200000484474003       0.10235523622476660     
  0.10300000489223748       0.10336581680525618     
  0.10400000493973494       0.10437660632632456     
  0.10500000498723239       0.10538760687498634     
  0.10600000503472984       0.10639882053997193     
  0.10700000508222729       0.10741024941174510     
  0.10800000512972474       0.10842189558252047     
  0.10900000517722219       0.10943376114628117     
  0.11000000522471964       0.11044584819879641     
  0.11100000527221709       0.11145815883763915     
  0.11200000531971455       0.11247069516220377     
  0.11300000536721200       0.11348345927372379     
  0.11400000541470945       0.11449645327528958     
  0.11500000546220690       0.11550967927186619     
  0.11600000550970435       0.11652313937031110     
  0.11700000555720180       0.11753683567939212     
  0.11800000560469925       0.11855077030980521     
  0.11900000565219671       0.11956494537419243     
  0.12000000569969416       0.12057936298715985     
  0.12100000574719161       0.12159402526529554     
  0.12200000579468906       0.12260893432718761     
  0.12300000584218651       0.12362409229344218     
  0.12400000588968396       0.12463950128670154     
  0.12500000593718141       0.12565516343166222     
  0.12600000598467886       0.12667108085509318     
  0.12700000603217632       0.12768725568585398     
  0.12800000607967377       0.12870369005491297     
  0.12900000612717122       0.12972038609536563     
  0.13000000617466867       0.13073734594245276     
  0.13100000622216612       0.13175457173357896     
  0.13200000626966357       0.13277206560833094     
  0.13300000631716102       0.13378982970849584     
  0.13400000636465847       0.13480786617807985     
  0.13500000641215593       0.13582617716332659     
  0.13600000645965338       0.13684476481273566     
  0.13700000650715083       0.13786363127708126     
  0.13800000655464828       0.13888277870943075     
  0.13900000660214573       0.13990220926516331     
  0.14000000664964318       0.14092192510198867     
  0.14100000669714063       0.14194192837996578     
  0.14200000674463809       0.14296222126152167     
  0.14300000679213554       0.14398280591147017     
  0.14400000683963299       0.14500368449703083     
  0.14500000688713044       0.14602485918784783     
  0.14600000693462789       0.14704633215600890     
  0.14700000698212534       0.14806810557606431     
  0.14800000702962279       0.14909018162504592     
  0.14900000707712024       0.15011256248248622     
  0.15000000712461770       0.15113525033043751     
  0.15100000717211515       0.15215824735349098     
  0.15200000721961260       0.15318155573879602     
  0.15300000726711005       0.15420517767607939     
  0.15400000731460750       0.15522911535766454     
  0.15500000736210495       0.15625337097849104     
  0.15600000740960240       0.15727794673613388     
  0.15700000745709985       0.15830284483082294     
  0.15800000750459731       0.15932806746546246     
  0.15900000755209476       0.16035361684565064     
  0.16000000759959221       0.16137949517969913     
  0.16100000764708966       0.16240570467865278     
  0.16200000769458711       0.16343224755630922     
  0.16300000774208456       0.16445912602923862     
  0.16400000778958201       0.16548634231680351     
  0.16500000783707947       0.16651389864117858     
  0.16600000788457692       0.16754179722737053     
  0.16700000793207437       0.16857004030323808     
  0.16800000797957182       0.16959863009951190     
  0.16900000802706927       0.17062756884981461     
  0.17000000807456672       0.17165685879068099     
  0.17100000812206417       0.17268650216157799     
  0.17200000816956162       0.17371650120492499     
  0.17300000821705908       0.17474685816611402     
  0.17400000826455653       0.17577757529353008     
  0.17500000831205398       0.17680865483857147     
  0.17600000835955143       0.17784009905567022     
  0.17700000840704888       0.17887191020231255     
  0.17800000845454633       0.17990409053905937     
  0.17900000850204378       0.18093664232956685     
  0.18000000854954123       0.18196956784060708     
  0.18100000859703869       0.18300286934208873     
  0.18200000864453614       0.18403654910707781     
  0.18300000869203359       0.18507060941181847     
  0.18400000873953104       0.18610505253575377     
  0.18500000878702849       0.18713988076154678     
  0.18600000883452594       0.18817509637510138     
  0.18700000888202339       0.18921070166558335     
  0.18800000892952085       0.19024669892544152     
  0.18900000897701830       0.19128309045042885     
  0.19000000902451575       0.19231987853962365     
  0.19100000907201320       0.19335706549545087     
  0.19200000911951065       0.19439465362370345     
  0.19300000916700810       0.19543264523356368     
  0.19400000921450555       0.19647104263762472     
  0.19500000926200300       0.19750984815191200     
  0.19600000930950046       0.19854906409590492     
  0.19700000935699791       0.19958869279255848     
  0.19800000940449536       0.20062873656832489     
  0.19900000945199281       0.20166919775317549     
  0.20000000949949026       0.20271007868062249     
  0.20100000954698771       0.20375138168774087     
  0.20200000959448516       0.20479310911519041     
  0.20300000964198261       0.20583526330723770     
  0.20400000968948007       0.20687784661177822     
  0.20500000973697752       0.20792086138035851     
  0.20600000978447497       0.20896430996819843     
  0.20700000983197242       0.21000819473421348     
  0.20800000987946987       0.21105251804103708     
  0.20900000992696732       0.21209728225504318     
  0.21000000997446477       0.21314248974636854     
  0.21100001002196223       0.21418814288893553     
  0.21200001006945968       0.21523424406047467     
  0.21300001011695713       0.21628079564254732     
  0.21400001016445458       0.21732780002056853     
  0.21500001021195203       0.21837525958382994     
  0.21600001025944948       0.21942317672552261     
  0.21700001030694693       0.22047155384276013     
  0.21800001035444438       0.22152039333660159     
  0.21900001040194184       0.22256969761207485     
  0.22000001044943929       0.22361946907819971     
  0.22100001049693674       0.22466971014801124     
  0.22200001054443419       0.22572042323858307     
  0.22300001059193164       0.22677161077105099     
  0.22400001063942909       0.22782327517063636     
  0.22500001068692654       0.22887541886666979     
  0.22600001073442400       0.22992804429261474     
  0.22700001078192145       0.23098115388609139     
  0.22800001082941890       0.23203475008890040     
  0.22900001087691635       0.23308883534704686     
  0.23000001092441380       0.23414341211076425     
  0.23100001097191125       0.23519848283453856     
  0.23200001101940870       0.23625404997713245     
  0.23300001106690615       0.23731011600160948     
  0.23400001111440361       0.23836668337535835     
  0.23500001116190106       0.23942375457011744     
  0.23600001120939851       0.24048133206199920     
  0.23700001125689596       0.24153941833151471     
  0.23800001130439341       0.24259801586359839     
  0.23900001135189086       0.24365712714763268     
  0.24000001139938831       0.24471675467747289     
  0.24100001144688576       0.24577690095147209     
  0.24200001149438322       0.24683756847250607     
  0.24300001154188067       0.24789875974799847     
  0.24400001158937812       0.24896047728994589     
  0.24500001163687557       0.25002272361494321     
  0.24600001168437302       0.25108550124420881     
  0.24700001173187047       0.25214881270361011     
  0.24800001177936792       0.25321266052368901     
  0.24900001182686538       0.25427704723968753     
  0.25000001187436283       0.25534197539157349     
  0.25100001192186028       0.25640744752406630     
  0.25200001196935773       0.25747346618666278     
  0.25300001201685518       0.25854003393366326     
  0.25400001206435263       0.25960715332419748     
  0.25500001211185008       0.26067482692225086     
  0.25600001215934753       0.26174305729669067     
  0.25700001220684499       0.26281184702129246     
  0.25800001225434244       0.26388119867476634     
  0.25900001230183989       0.26495111484078371     
  0.26000001234933734       0.26602159810800374     
  0.26100001239683479       0.26709265107010011     
  0.26200001244433224       0.26816427632578788     
  0.26300001249182969       0.26923647647885041     
  0.26400001253932714       0.27030925413816631     
  0.26500001258682460       0.27138261191773666     
  0.26600001263432205       0.27245655243671207     
  0.26700001268181950       0.27353107831942014     
  0.26800001272931695       0.27460619219539278     
  0.26900001277681440       0.27568189669939386     
  0.27000001282431185       0.27675819447144667     
  0.27100001287180930       0.27783508815686175     
  0.27200001291930676       0.27891258040626465     
  0.27300001296680421       0.27999067387562393     
  0.27400001301430166       0.28106937122627912     
  0.27500001306179911       0.28214867512496894     
  0.27600001310929656       0.28322858824385949     
  0.27700001315679401       0.28430911326057262     
  0.27800001320429146       0.28539025285821440     
  0.27900001325178891       0.28647200972540371     
  0.28000001329928637       0.28755438655630089     
  0.28100001334678382       0.28863738605063649     
  0.28200001339428127       0.28972101091374025     
  0.28300001344177872       0.29080526385657007     
  0.28400001348927617       0.29189014759574117     
  0.28500001353677362       0.29297566485355520     
  0.28600001358427107       0.29406181835802975     
  0.28700001363176852       0.29514861084292771     
  0.28800001367926598       0.29623604504778683     
  0.28900001372676343       0.29732412371794953     
  0.29000001377426088       0.29841284960459263     
  0.29100001382175833       0.29950222546475719     
  0.29200001386925578       0.30059225406137863     
  0.29300001391675323       0.30168293816331698     
  0.29400001396425068       0.30277428054538702     
  0.29500001401174814       0.30386628398838872     
  0.29600001405924559       0.30495895127913775     
  0.29700001410674304       0.30605228521049610     
  0.29800001415424049       0.30714628858140292     
  0.29900001420173794       0.30824096419690528     
  0.30000001424923539       0.30933631486818930     
  0.30100001429673284       0.31043234341261117     
  0.30200001434423029       0.31152905265372854     
  0.30300001439172775       0.31262644542133172     
  0.30400001443922520       0.31372452455147531     
  0.30500001448672265       0.31482329288650979     
  0.30600001453422010       0.31592275327511332     
  0.30700001458171755       0.31702290857232357     
  0.30800001462921500       0.31812376163956985     
  0.30900001467671245       0.31922531534470505     
  0.31000001472420990       0.32032757256203814     
  0.31100001477170736       0.32143053617236644     
  0.31200001481920481       0.32253420906300828     
  0.31300001486670226       0.32363859412783558     
  0.31400001491419971       0.32474369426730670     
  0.31500001496169716       0.32584951238849935     
  0.31600001500919461       0.32695605140514378     
  0.31700001505669206       0.32806331423765589     
  0.31800001510418952       0.32917130381317061     
  0.31900001515168697       0.33028002306557547     
  0.32000001519918442       0.33138947493554416     
  0.32100001524668187       0.33249966237057033     
  0.32200001529417932       0.33361058832500146     
  0.32300001534167677       0.33472225576007303     
  0.32400001538917422       0.33583466764394271     
  0.32500001543667167       0.33694782695172454     
  0.32600001548416913       0.33806173666552358     
  0.32700001553166658       0.33917639977447051     
  0.32800001557916403       0.34029181927475644     
  0.32900001562666148       0.34140799816966777     
  0.33000001567415893       0.34252493946962131     
  0.33100001572165638       0.34364264619219953     
  0.33200001576915383       0.34476112136218595     
  0.33300001581665128       0.34588036801160055     
  0.33400001586414874       0.34700038917973552     
  0.33500001591164619       0.34812118791319124     
  0.33600001595914364       0.34924276726591202     
  0.33700001600664109       0.35036513029922239     
  0.33800001605413854       0.35148828008186339     
  0.33900001610163599       0.35261221969002898     
  0.34000001614913344       0.35373695220740270     
  0.34100001619663090       0.35486248072519433     
  0.34200001624412835       0.35598880834217700     
  0.34300001629162580       0.35711593816472414     
  0.34400001633912325       0.35824387330684676     
  0.34500001638662070       0.35937261689023098     
  0.34600001643411815       0.36050217204427537     
  0.34700001648161560       0.36163254190612898     
  0.34800001652911305       0.36276372962072900     
  0.34900001657661051       0.36389573834083899     
  0.35000001662410796       0.36502857122708704     
  0.35100001667160541       0.36616223144800419     
  0.35200001671910286       0.36729672218006315     
  0.35300001676660031       0.36843204660771683     
  0.35400001681409776       0.36956820792343742     
  0.35500001686159521       0.37070520932775541     
  0.35600001690909266       0.37184305402929896     
  0.35700001695659012       0.37298174524483313     
  0.35800001700408757       0.37412128619929980     
  0.35900001705158502       0.37526168012585720     
  0.36000001709908247       0.37640293026592009     
  0.36100001714657992       0.37754503986919974     
  0.36200001719407737       0.37868801219374443     
  0.36300001724157482       0.37983185050597990     
  0.36400001728907228       0.38097655808074993     
  0.36500001733656973       0.38212213820135743     
  0.36600001738406718       0.38326859415960546     
  0.36700001743156463       0.38441592925583834     
  0.36800001747906208       0.38556414679898321     
  0.36900001752655953       0.38671325010659174     
  0.37000001757405698       0.38786324250488174     
  0.37100001762155443       0.38901412732877938     
  0.37200001766905189       0.39016590792196126     
  0.37300001771654934       0.39131858763689686     
  0.37400001776404679       0.39247216983489108     
  0.37500001781154424       0.39362665788612716     
  0.37600001785904169       0.39478205516970949     
  0.37700001790653914       0.39593836507370689     
  0.37800001795403659       0.39709559099519592     
  0.37900001800153404       0.39825373634030464     
  0.38000001804903150       0.39941280452425620     
  0.38100001809652895       0.40057279897141279     
  0.38200001814402640       0.40173372311532007     
  0.38300001819152385       0.40289558039875140     
  0.38400001823902130       0.40405837427375235     
  0.38500001828651875       0.40522210820168575     
  0.38600001833401620       0.40638678565327646     
  0.38700001838151366       0.40755241010865684     
  0.38800001842901111       0.40871898505741200     
  0.38900001847650856       0.40988651399862552     
  0.39000001852400601       0.41105500044092536     
  0.39100001857150346       0.41222444790252988     
  0.39200001861900091       0.41339485991129415     
  0.39300001866649836       0.41456624000475650     
  0.39400001871399581       0.41573859173018524     
  0.39500001876149327       0.41691191864462562     
  0.39600001880899072       0.41808622431494707     
  0.39700001885648817       0.41926151231789049     
  0.39800001890398562       0.42043778624011602     
  0.39900001895148307       0.42161504967825075     
  0.40000001899898052       0.42279330623893696     
  0.40100001904647797       0.42397255953888030     
  0.40200001909397542       0.42515281320489845     
  0.40300001914147288       0.42633407087396985     
  0.40400001918897033       0.42751633619328272     
  0.40500001923646778       0.42869961282028429     
  0.40600001928396523       0.42988390442273033     
  0.40700001933146268       0.43106921467873482     
  0.40800001937896013       0.43225554727682003     
  0.40900001942645758       0.43344290591596663     
  0.41000001947395504       0.43463129430566405     
  0.41100001952145249       0.43582071616596141     
  0.41200001956894994       0.43701117522751831     
  0.41300001961644739       0.43820267523165601     
  0.41400001966394484       0.43939521993040892     
  0.41500001971144229       0.44058881308657627     
  0.41600001975893974       0.44178345847377404     
  0.41700001980643719       0.44297915987648717     
  0.41800001985393465       0.44417592109012205     
  0.41900001990143210       0.44537374592105911     
  0.42000001994892955       0.44657263818670584     
  0.42100001999642700       0.44777260171555011     
  0.42200002004392445       0.44897364034721354     
  0.42300002009142190       0.45017575793250530     
  0.42400002013891935       0.45137895833347613     
  0.42500002018641680       0.45258324542347256     
  0.42600002023391426       0.45378862308719153     
  0.42700002028141171       0.45499509522073522     
  0.42800002032890916       0.45620266573166612     
  0.42900002037640661       0.45741133853906235     
  0.43000002042390406       0.45862111757357343     
  0.43100002047140151       0.45983200677747604     
  0.43200002051889896       0.46104401010473034     
  0.43300002056639642       0.46225713152103637     
  0.43400002061389387       0.46347137500389091     
  0.43500002066139132       0.46468674454264441     
  0.43600002070888877       0.46590324413855849     
  0.43700002075638622       0.46712087780486333     
  0.43800002080388367       0.46833964956681573     
  0.43900002085138112       0.46955956346175737     
  0.44000002089887857       0.47078062353917316     
  0.44100002094637603       0.47200283386075009     
  0.44200002099387348       0.47322619850043635     
  0.44300002104137093       0.47445072154450069     
  0.44400002108886838       0.47567640709159215     
  0.44500002113636583       0.47690325925279992     
  0.44600002118386328       0.47813128215171380     
  0.44700002123136073       0.47936047992448472     
  0.44800002127885818       0.48059085671988566     
  0.44900002132635564       0.48182241669937292     
  0.45000002137385309       0.48305516403714760     
  0.45100002142135054       0.48428910292021743     
  0.45200002146884799       0.48552423754845897     
  0.45300002151634544       0.48676057213468016     
  0.45400002156384289       0.48799811090468309     
  0.45500002161134034       0.48923685809732703     
  0.45600002165883780       0.49047681796459197     
  0.45700002170633525       0.49171799477164246     
  0.45800002175383270       0.49296039279689169     
  0.45900002180133015       0.49420401633206579     
  0.46000002184882760       0.49544886968226881     
  0.46100002189632505       0.49669495716604772     
  0.46200002194382250       0.49794228311545785     
  0.46300002199131995       0.49919085187612877     
  0.46400002203881741       0.50044066780733043     
  0.46500002208631486       0.50169173528203936     
  0.46600002213381231       0.50294405868700598     
  0.46700002218130976       0.50419764242282128     
  0.46800002222880721       0.50545249090398470     
  0.46900002227630466       0.50670860855897182     
  0.47000002232380211       0.50796599983030266     
  0.47100002237129956       0.50922466917461029     
  0.47200002241879702       0.51048462106270964     
  0.47300002246629447       0.51174585997966704     
  0.47400002251379192       0.51300839042486979     
  0.47500002256128937       0.51427221691209613     
  0.47600002260878682       0.51553734396958584     
  0.47700002265628427       0.51680377614011075     
  0.47800002270378172       0.51807151798104623     
  0.47900002275127918       0.51934057406444234     
  0.48000002279877663       0.52061094897709637     
  0.48100002284627408       0.52188264732062439     
  0.48200002289377153       0.52315567371153449     
  0.48300002294126898       0.52443003278129963     
  0.48400002298876643       0.52570572917643110     
  0.48500002303626388       0.52698276755855256     
  0.48600002308376133       0.52826115260447404     
  0.48700002313125879       0.52954088900626661     
  0.48800002317875624       0.53082198147133774     
  0.48900002322625369       0.53210443472250635     
  0.49000002327375114       0.53338825349807895     
  0.49100002332124859       0.53467344255192573     
  0.49200002336874604       0.53596000665355736     
  0.49300002341624349       0.53724795058820207     
  0.49400002346374094       0.53853727915688310     
  0.49500002351123840       0.53982799717649654     
  0.49600002355873585       0.54112010947988975     
  0.49700002360623330       0.54241362091594036     
  0.49800002365373075       0.54370853634963512     
  0.49900002370122820       0.54500486066214970     
  0.50000002374872565       0.54630259875092868     
  0.50100002379622310       0.54760175552976620     
  0.50200002384372056       0.54890233592888660     
  0.50300002389121801       0.55020434489502612     
  0.50400002393871546       0.55150778739151463     
  0.50500002398621291       0.55281266839835763     
  0.50600002403371036       0.55411899291231947     
  0.50700002408120781       0.55542676594700602     
  0.50800002412870526       0.55673599253294859     
  0.50900002417620271       0.55804667771768801     
  0.51000002422370017       0.55935882656585911     
  0.51100002427119762       0.56067244415927564     
  0.51200002431869507       0.56198753559701597     
  0.51300002436619252       0.56330410599550906     
  0.51400002441368997       0.56462216048862057     
  0.51500002446118742       0.56594170422774015     
  0.51600002450868487       0.56726274238186847     
  0.51700002455618232       0.56858528013770560     
  0.51800002460367978       0.56990932269973882     
  0.51900002465117723       0.57123487529033190     
  0.52000002469867468       0.57256194314981412     
  0.52100002474617213       0.57389053153657055     
  0.52200002479366958       0.57522064572713183     
  0.52300002484116703       0.57655229101626559     
  0.52400002488866448       0.57788547271706758     
  0.52500002493616194       0.57922019616105336     
  0.52600002498365939       0.58055646669825101     
  0.52700002503115684       0.58189428969729395     
  0.52800002507865429       0.58323367054551412     
  0.52900002512615174       0.58457461464903637     
  0.53000002517364919       0.58591712743287272     
  0.53100002522114664       0.58726121434101719     
  0.53200002526864409       0.58860688083654178     
  0.53300002531614155       0.58995413240169225     
  0.53400002536363900       0.59130297453798497     
  0.53500002541113645       0.59265341276630390     
  0.53600002545863390       0.59400545262699844     
  0.53700002550613135       0.59535909967998180     
  0.53800002555362880       0.59671435950482976     
  0.53900002560112625       0.59807123770088011     
  0.54000002564862370       0.59942973988733272     
  0.54100002569612116       0.60078987170334985     
  0.54200002574361861       0.60215163880815759     
  0.54300002579111606       0.60351504688114743     
  0.54400002583861351       0.60488010162197847     
  0.54500002588611096       0.60624680875068038     
  0.54600002593360841       0.60761517400775700     
  0.54700002598110586       0.60898520315429017     
  0.54800002602860332       0.61035690197204462     
  0.54900002607610077       0.61173027626357290     
  0.55000002612359822       0.61310533185232163     
  0.55100002617109567       0.61448207458273774     
  0.55200002621859312       0.61586051032037570     
  0.55300002626609057       0.61724064495200515     
  0.55400002631358802       0.61862248438571932     
  0.55500002636108547       0.62000603455104397     
  0.55600002640858293       0.62139130139904686     
  0.55700002645608038       0.62277829090244829     
  0.55800002650357783       0.62416700905573164     
  0.55900002655107528       0.62555746187525518     
  0.56000002659857273       0.62694965539936409     
  0.56100002664607018       0.62834359568850329     
  0.56200002669356763       0.62973928882533103     
  0.56300002674106508       0.63113674091483307     
  0.56400002678856254       0.63253595808443730     
  0.56500002683605999       0.63393694648412946     
  0.56600002688355744       0.63533971228656927     
  0.56700002693105489       0.63674426168720710     
  0.56800002697855234       0.63815060090440179     
  0.56900002702604979       0.63955873617953873     
  0.57000002707354724       0.64096867377714895     
  0.57100002712104470       0.64238041998502848     
  0.57200002716854215       0.64379398111435915     
  0.57300002721603960       0.64520936349982905     
  0.57400002726353705       0.64662657349975483     
  0.57500002731103450       0.64804561749620404     
  0.57600002735853195       0.64946650189511834     
  0.57700002740602940       0.65088923312643743     
  0.57800002745352685       0.65231381764422369     
  0.57900002750102431       0.65374026192678780     
  0.58000002754852176       0.65516857247681493     
  0.58100002759601921       0.65659875582149152     
  0.58200002764351666       0.65803081851263301     
  0.58300002769101411       0.65946476712681257     
  0.58400002773851156       0.66090060826549002     
  0.58500002778600901       0.66233834855514195     
  0.58600002783350646       0.66377799464739262     
  0.58700002788100392       0.66521955321914550     
  0.58800002792850137       0.66666303097271562     
  0.58900002797599882       0.66810843463596270     
  0.59000002802349627       0.66955577096242525     
  0.59100002807099372       0.67100504673145522     
  0.59200002811849117       0.67245626874835374     
  0.59300002816598862       0.67390944384450746     
  0.59400002821348608       0.67536457887752588     
  0.59500002826098353       0.67682168073137938     
  0.59600002830848098       0.67828075631653806     
  0.59700002835597843       0.67974181257011179     
  0.59800002840347588       0.68120485645599049     
  0.59900002845097333       0.68266989496498598     
  0.60000002849847078       0.68413693511497387     
  0.60100002854596823       0.68560598395103722     
  0.60200002859346569       0.68707704854561047     
  0.60300002864096314       0.68855013599862425     
  0.60400002868846059       0.69002525343765142     
  0.60500002873595804       0.69150240801805396     
  0.60600002878345549       0.69298160692313038     
  0.60700002883095294       0.69446285736426427     
  0.60800002887845039       0.69594616658107400     
  0.60900002892594784       0.69743154184156309     
  0.61000002897344530       0.69891899044227146     
  0.61100002902094275       0.70040851970842766     
  0.61200002906844020       0.70190013699410236     
  0.61300002911593765       0.70339384968236207     
  0.61400002916343510       0.70488966518542462     
  0.61500002921093255       0.70638759094481518     
  0.61600002925843000       0.70788763443152336     
  0.61700002930592746       0.70938980314616096     
  0.61800002935342491       0.71089410461912128     
  0.61900002940092236       0.71240054641073913     
  0.62000002944841981       0.71390913611145179     
  0.62100002949591726       0.71541988134196077     
  0.62200002954341471       0.71693278975339536     
  0.62300002959091216       0.71844786902747615     
  0.62400002963840961       0.71996512687668057     
  0.62500002968590707       0.72148457104440877     
  0.62600002973340452       0.72300620930515069     
  0.62700002978090197       0.72453004946465460     
  0.62800002982839942       0.72605609936009619     
  0.62900002987589687       0.72758436686024885     
  0.63000002992339432       0.72911485986565516     
  0.63100002997089177       0.73064758630879956     
  0.63200003001838923       0.73218255415428168     
  0.63300003006588668       0.73371977139899125     
  0.63400003011338413       0.73525924607228388     
  0.63500003016088158       0.73680098623615786     
  0.63600003020837903       0.73834499998543246     
  0.63700003025587648       0.73989129544792687     
  0.63800003030337393       0.74143988078464063     
  0.63900003035087138       0.74299076418993515     
  0.64000003039836884       0.74454395389171635     
  0.64100003044586629       0.74609945815161860     
  0.64200003049336374       0.74765728526518926     
  0.64300003054086119       0.74921744356207554     
  0.64400003058835864       0.75077994140621118     
  0.64500003063585609       0.75234478719600562     
  0.64600003068335354       0.75391198936453341     
  0.64700003073085099       0.75548155637972525     
  0.64800003077834845       0.75705349674456057     
  0.64900003082584590       0.75862781899726073     
  0.65000003087334335       0.76020453171148372     
  0.65100003092084080       0.76178364349652039     
  0.65200003096833825       0.76336516299749146     
  0.65300003101583570       0.76494909889554641     
  0.65400003106333315       0.76653545990806304     
  0.65500003111083061       0.76812425478884871     
  0.65600003115832806       0.76971549232834291     
  0.65700003120582551       0.77130918135382065     
  0.65800003125332296       0.77290533072959811     
  0.65900003130082041       0.77450394935723865     
  0.66000003134831786       0.77610504617576093     
  0.66100003139581531       0.77770863016184766     
  0.66200003144331276       0.77931471033005661     
  0.66300003149081022       0.78092329573303210     
  0.66400003153830767       0.78253439546171866     
  0.66500003158580512       0.78414801864557537     
  0.66600003163330257       0.78576417445279234     
  0.66700003168080002       0.78738287209050806     
  0.66800003172829747       0.78900412080502824     
  0.66900003177579492       0.79062792988204678     
  0.67000003182329237       0.79225430864686697     
  0.67100003187078983       0.79388326646462526     
  0.67200003191828728       0.79551481274051616     
  0.67300003196578473       0.79714895692001830     
  0.67400003201328218       0.79878570848912245     
  0.67500003206077963       0.80042507697456078     
  0.67600003210827708       0.80206707194403803     
  0.67700003215577453       0.80371170300646355     
  0.67800003220327199       0.80535897981218540     
  0.67900003225076944       0.80700891205322611     
  0.68000003229826689       0.80866150946351956     
  0.68100003234576434       0.81031678181914979     
  0.68200003239326179       0.81197473893859129     
  0.68300003244075924       0.81363539068295099     
  0.68400003248825669       0.81529874695621185     
  0.68500003253575414       0.81696481770547780     
  0.68600003258325160       0.81863361292122094     
  0.68700003263074905       0.82030514263752996     
  0.68800003267824650       0.82197941693236010     
  0.68900003272574395       0.82365644592778542     
  0.69000003277324140       0.82533623979025228     
  0.69100003282073885       0.82701880873083433     
  0.69200003286823630       0.82870416300549010     
  0.69300003291573375       0.83039231291532156     
  0.69400003296323121       0.83208326880683459     
  0.69500003301072866       0.83377704107220141     
  0.69600003305822611       0.83547364014952474     
  0.69700003310572356       0.83717307652310380     
  0.69800003315322101       0.83887536072370206     
  0.69900003320071846       0.84058050332881662     
  0.70000003324821591       0.84228851496294987     
  0.70100003329571337       0.84399940629788284     
  0.70200003334321082       0.84571318805295015     
  0.70300003339070827       0.84742987099531741     
  0.70400003343820572       0.84914946594025986     
  0.70500003348570317       0.85087198375144357     
  0.70600003353320062       0.85259743534120813     
  0.70700003358069807       0.85432583167085152     
  0.70800003362819552       0.85605718375091688     
  0.70900003367569298       0.85779150264148130     
  0.71000003372319043       0.85952879945244676     
  0.71100003377068788       0.86126908534383251     
  0.71200003381818533       0.86301237152607035     
  0.71300003386568278       0.86475866926030120     
  0.71400003391318023       0.86650798985867417     
  0.71500003396067768       0.86826034468464774     
  0.71600003400817513       0.87001574515329272     
  0.71700003405567259       0.87177420273159767     
  0.71800003410317004       0.87353572893877607     
  0.71900003415066749       0.87530033534657625     
  0.72000003419816494       0.87706803357959284     
  0.72100003424566239       0.87883883531558082     
  0.72200003429315984       0.88061275228577174     
  0.72300003434065729       0.88238979627519187     
  0.72400003438815475       0.88416997912298312     
  0.72500003443565220       0.88595331272272582     
  0.72600003448314965       0.88773980902276373     
  0.72700003453064710       0.88952948002653165     
  0.72800003457814455       0.89132233779288539     
  0.72900003462564200       0.89311839443643359     
  0.73000003467313945       0.89491766212787249     
  0.73100003472063690       0.89672015309432274     
  0.73200003476813436       0.89852587961966857     
  0.73300003481563181       0.90033485404489966     
  0.73400003486312926       0.90214708876845529     
  0.73500003491062671       0.90396259624657094     
  0.73600003495812416       0.90578138899362726     
  0.73700003500562161       0.90760347958250187     
  0.73800003505311906       0.90942888064492344     
  0.73900003510061651       0.91125760487182816     
  0.74000003514811397       0.91308966501371935     
  0.74100003519561142       0.91492507388102895     
  0.74200003524310887       0.91676384434448221     
  0.74300003529060632       0.91860598933546467     
  0.74400003533810377       0.92045152184639190     
  0.74500003538560122       0.92230045493108181     
  0.74600003543309867       0.92415280170513003     
  0.74700003548059613       0.92600857534628755     
  0.74800003552809358       0.92786778909484124     
  0.74900003557559103       0.92973045625399742     
  0.75000003562308848       0.93159659019026786     
  0.75100003567058593       0.93346620433385885     
  0.75200003571808338       0.93533931217906285     
  0.75300003576558083       0.93721592728465342     
  0.75400003581307828       0.93909606327428252     
  0.75500003586057574       0.94097973383688116     
  0.75600003590807319       0.94286695272706289     
  0.75700003595557064       0.94475773376552996     
  0.75800003600306809       0.94665209083948298     
  0.75900003605056554       0.94855003790303305     
  0.76000003609806299       0.95045158897761739     
  0.76100003614556044       0.95235675815241794     
  0.76200003619305789       0.95426555958478276     
  0.76300003624055535       0.95617800750065074     
  0.76400003628805280       0.95809411619497986     
  0.76500003633555025       0.96001390003217790     
  0.76600003638304770       0.96193737344653674     
  0.76700003643054515       0.96386455094267010     
  0.76800003647804260       0.96579544709595411     
  0.76900003652554005       0.96773007655297150     
  0.77000003657303751       0.96966845403195878     
  0.77100003662053496       0.97161059432325725     
  0.77200003666803241       0.97355651228976692     
  0.77300003671552986       0.97550622286740407     
  0.77400003676302731       0.97745974106556222     
  0.77500003681052476       0.97941708196757649     
  0.77600003685802221       0.98137826073119161     
  0.77700003690551966       0.98334329258903330     
  0.77800003695301712       0.98531219284908345     
  0.77900003700051457       0.98728497689515837     
  0.78000003704801202       0.98926166018739126     
  0.78100003709550947       0.99124225826271817     
  0.78200003714300692       0.99322678673536746     
  0.78300003719050437       0.99521526129735294     
  0.78400003723800182       0.99720769771897122     
  0.78500003728549927       0.99920411184930236     
  0.78600003733299673        1.0012045196167143     
  0.78700003738049418        1.0032089370293720     
  0.78800003742799163        1.0052173801757494     
  0.78900003747548908        1.0072298652251455     
  0.79000003752298653        1.0092464084282051     
  0.79100003757048398        1.0112670261174432     
  0.79200003761798143        1.0132917347077726     
  0.79300003766547889        1.0153205506970371     
  0.79400003771297634        1.0173534906665473     
  0.79500003776047379        1.0193905712816220     
  0.79600003780797124        1.0214318092921320     
  0.79700003785546869        1.0234772215330499     
  0.79800003790296614        1.0255268249250034     
  0.79900003795046359        1.0275806364748321     
  0.80000003799796104        1.0296386732761504     
  0.80100003804545850        1.0317009525099132     
  0.80200003809295595        1.0337674914449868     
  0.80300003814045340        1.0358383074387234     
  0.80400003818795085        1.0379134179375420     
  0.80500003823544830        1.0399928404775114     
  0.80600003828294575        1.0420765926849396     
  0.80700003833044320        1.0441646922769667     
  0.80800003837794065        1.0462571570621635     
  0.80900003842543811        1.0483540049411340     
  0.81000003847293556        1.0504552539071221     
  0.81100003852043301        1.0525609220466254     
  0.81200003856793046        1.0546710275400111     
  0.81300003861542791        1.0567855886621380     
  0.81400003866292536        1.0589046237829842     
  0.81500003871042281        1.0610281513682784     
  0.81600003875792027        1.0631561899801367     
  0.81700003880541772        1.0652887582777049     
  0.81800003885291517        1.0674258750178049     
  0.81900003890041262        1.0695675590555884     
  0.82000003894791007        1.0717138293451922     
  0.82100003899540752        1.0738647049404029     
  0.82200003904290497        1.0760202049953231     
  0.82300003909040242        1.0781803487650465     
  0.82400003913789988        1.0803451556063350     
  0.82500003918539733        1.0825146449783041     
  0.82600003923289478        1.0846888364431115     
  0.82700003928039223        1.0868677496666537     
  0.82800003932788968        1.0890514044192654     
  0.82900003937538713        1.0912398205764273     
  0.83000003942288458        1.0934330181194774     
  0.83100003947038203        1.0956310171363293     
  0.83200003951787949        1.0978338378221961     
  0.83300003956537694        1.1000415004803203     
  0.83400003961287439        1.1022540255227091     
  0.83500003966037184        1.1044714334708758     
  0.83600003970786929        1.1066937449565883     
  0.83700003975536674        1.1089209807226224     
  0.83800003980286419        1.1111531616235211     
  0.83900003985036165        1.1133903086263623     
  0.84000003989785910        1.1156324428115298     
  0.84100003994535655        1.1178795853734931     
  0.84200003999285400        1.1201317576215919     
  0.84300004004035145        1.1223889809808283     
  0.84400004008784890        1.1246512769926644     
  0.84500004013534635        1.1269186673158280     
  0.84600004018284380        1.1291911737271232     
  0.84700004023034126        1.1314688181222490     
  0.84800004027783871        1.1337516225166242     
  0.84900004032533616        1.1360396090462190     
  0.85000004037283361        1.1383327999683939     
  0.85100004042033106        1.1406312176627456     
  0.85200004046782851        1.1429348846319591     
  0.85300004051532596        1.1452438235026685     
  0.85400004056282341        1.1475580570263235     
  0.85500004061032087        1.1498776080800637     
  0.85600004065781832        1.1522024996676004     
  0.85700004070531577        1.1545327549201057     
  0.85800004075281322        1.1568683970971090     
  0.85900004080031067        1.1592094495874012     
  0.86000004084780812        1.1615559359099463     
  0.86100004089530557        1.1639078797148008     
  0.86200004094280303        1.1662653047840408     
  0.86300004099030048        1.1686282350326975     
  0.86400004103779793        1.1709966945096999     
  0.86500004108529538        1.1733707073988255     
  0.86600004113279283        1.1757502980196599     
  0.86700004118029028        1.1781354908285637     
  0.86800004122778773        1.1805263104196482     
  0.86900004127528518        1.1829227815257588     
  0.87000004132278264        1.1853249290194683     
  0.87100004137028009        1.1877327779140763     
  0.87200004141777754        1.1901463533646195     
  0.87300004146527499        1.1925656806688896     
  0.87400004151277244        1.1949907852684594     
  0.87500004156026989        1.1974216927497190     
  0.87600004160776734        1.1998584288449208     
  0.87700004165526479        1.2023010194332318     
  0.87800004170276225        1.2047494905417975     
  0.87900004175025970        1.2072038683468131     
  0.88000004179775715        1.2096641791746052     
  0.88100004184525460        1.2121304495027219     
  0.88200004189275205        1.2146027059610334     
  0.88300004194024950        1.2170809753328413     
  0.88400004198774695        1.2195652845559981     
  0.88500004203524441        1.2220556607240367     
  0.88600004208274186        1.2245521310873091     
  0.88700004213023931        1.2270547230541351     
  0.88800004217773676        1.2295634641919624     
  0.88900004222523421        1.2320783822285353     
  0.89000004227273166        1.2345995050530740     
  0.89100004232022911        1.2371268607174657     
  0.89200004236772656        1.2396604774374640     
  0.89300004241522402        1.2422003835939006     
  0.89400004246272147        1.2447466077339073     
  0.89500004251021892        1.2472991785721488     
  0.89600004255771637        1.2498581249920657     
  0.89700004260521382        1.2524234760471302     
  0.89800004265271127        1.2549952609621113     
  0.89900004270020872        1.2575735091343527     
  0.90000004274770617        1.2601582501350608     
  0.90100004279520363        1.2627495137106053     
  0.90200004284270108        1.2653473297838311     
  0.90300004289019853        1.2679517284553818     
  0.90400004293769598        1.2705627400050352     
  0.90500004298519343        1.2731803948930509     
  0.90600004303269088        1.2758047237615302     
  0.90700004308018833        1.2784357574357879     
  0.90800004312768579        1.2810735269257367     
  0.90900004317518324        1.2837180634272847     
  0.91000004322268069        1.2863693983237441     
  0.91100004327017814        1.2890275631872545     
  0.91200004331767559        1.2916925897802181     
  0.91300004336517304        1.2943645100567476     
  0.91400004341267049        1.2970433561641290     
  0.91500004346016794        1.2997291604442960     
  0.91600004350766540        1.3024219554353187     
  0.91700004355516285        1.3051217738729057     
  0.91800004360266030        1.3078286486919206     
  0.91900004365015775        1.3105426130279114     
  0.92000004369765520        1.3132637002186553     
  0.92100004374515265        1.3159919438057166     
  0.92200004379265010        1.3187273775360195     
  0.92300004384014755        1.3214700353634359     
  0.92400004388764501        1.3242199514503863     
  0.92500004393514246        1.3269771601694580     
  0.92600004398263991        1.3297416961050366     
  0.92700004403013736        1.3325135940549526     
  0.92800004407763481        1.3352928890321452     
  0.92900004412513226        1.3380796162663386     
  0.93000004417262971        1.3408738112057377     
  0.93100004422012717        1.3436755095187360     
  0.93200004426762462        1.3464847470956429     
  0.93300004431512207        1.3493015600504241     
  0.93400004436261952        1.3521259847224614     
  0.93500004441011697        1.3549580576783262     
  0.93600004445761442        1.3577978157135728     
  0.93700004450511187        1.3606452958545454     
  0.93800004455260932        1.3635005353602050     
  0.93900004460010678        1.3663635717239719     
  0.94000004464760423        1.3692344426755871     
  0.94100004469510168        1.3721131861829901     
  0.94200004474259913        1.3749998404542148     
  0.94300004479009658        1.3778944439393050     
  0.94400004483759403        1.3807970353322465     
  0.94500004488509148        1.3837076535729180     
  0.94600004493258893        1.3866263378490618     
  0.94700004498008639        1.3895531275982722     
  0.94800004502758384        1.3924880625100038     
  0.94900004507508129        1.3954311825275991     
  0.95000004512257874        1.3983825278503352     
  0.95100004517007619        1.4013421389354910     
  0.95200004521757364        1.4043100565004334     
  0.95300004526507109        1.4072863215247255     
  0.95400004531256855        1.4102709752522535     
  0.95500004536006600        1.4132640591933752     
  0.95600004540756345        1.4162656151270894     
  0.95700004545506090        1.4192756851032262     
  0.95800004550255835        1.4222943114446593     
  0.95900004555005580        1.4253215367495398     
  0.96000004559755325        1.4283574038935507     
  0.96100004564505070        1.4314019560321862     
  0.96200004569254816        1.4344552366030510     
  0.96300004574004561        1.4375172893281831     
  0.96400004578754306        1.4405881582164002     
  0.96500004583504051        1.4436678875656686     
  0.96600004588253796        1.4467565219654954     
  0.96700004593003541        1.4498541062993457     
  0.96800004597753286        1.4529606857470825     
  0.96900004602503031        1.4560763057874313     
  0.97000004607252777        1.4592010122004697     
  0.97100004612002522        1.4623348510701417     
  0.97200004616752267        1.4654778687867971     
  0.97300004621502012        1.4686301120497562     
  0.97400004626251757        1.4717916278699008     
  0.97500004631001502        1.4749624635722907     
  0.97600004635751247        1.4781426667988071     
  0.97700004640500993        1.4813322855108224     
  0.97800004645250738        1.4845313679918970     
  0.97900004650000483        1.4877399628505037     
  0.98000004654750228        1.4909581190227794     
  0.98100004659499973        1.4941858857753052     
  0.98200004664249718        1.4974233127079144     
  0.98300004668999463        1.5006704497565293     
  0.98400004673749208        1.5039273471960275     
  0.98500004678498954        1.5071940556431362     
  0.98600004683248699        1.5104706260593586     
  0.98700004687998444        1.5137571097539269     
  0.98800004692748189        1.5170535583867895     
  0.98900004697497934        1.5203600239716260     
  0.99000004702247679        1.5236765588788950     
  0.99100004706997424        1.5270032158389129     
  0.99200004711747169        1.5303400479449645     
  0.99300004716496915        1.5336871086564461     
  0.99400004721246660        1.5370444518020412     
  0.99500004725996405        1.5404121315829296     
  0.99600004730746150        1.5437902025760291     
  0.99700004735495895        1.5471787197372724     
  0.99800004740245640        1.5505777384049171     
  0.99900004744995385        1.5539873143028913     
   1.0000000474974513        1.5574075035441739     
   1.0010000475449488        1.5608383626342104     
   1.0020000475924462        1.5642799484743650     
   1.0030000476399437        1.5677323183654093     
   1.0040000476874411        1.5711955300110476     
   1.0050000477349386        1.5746696415214798     
   1.0060000477824360        1.5781547114170016     
   1.0070000478299335        1.5816507986316442     
   1.0080000478774309        1.5851579625168513     
   1.0090000479249284        1.5886762628451967     
   1.0100000479724258        1.5922057598141406     
   1.0110000480199233        1.5957465140498270     
   1.0120000480674207        1.5992985866109213     
   1.0130000481149182        1.6028620389924895     
   1.0140000481624156        1.6064369331299189     
   1.0150000482099131        1.6100233314028813     
   1.0160000482574105        1.6136212966393395     
   1.0170000483049080        1.6172308921195961     
   1.0180000483524054        1.6208521815803874     
   1.0190000483999029        1.6244852292190206     
   1.0200000484474003        1.6281300996975578     
   1.0210000484948978        1.6317868581470436     
   1.0220000485423952        1.6354555701717806     
   1.0230000485898927        1.6391363018536509     
   1.0240000486373901        1.6428291197564848     
   1.0250000486848876        1.6465340909304782     
   1.0260000487323850        1.6502512829166585     
   1.0270000487798825        1.6539807637513990     
   1.0280000488273799        1.6577226019709848     
   1.0290000488748774        1.6614768666162270     
   1.0300000489223748        1.6652436272371300     
   1.0310000489698723        1.6690229538976102     
   1.0320000490173697        1.6728149171802669     
   1.0330000490648672        1.6766195881912058     
   1.0340000491123646        1.6804370385649188     
   1.0350000491598621        1.6842673404692150     
   1.0360000492073596        1.6881105666102103     
   1.0370000492548570        1.6919667902373705     
   1.0380000493023545        1.6958360851486132     
   1.0390000493498519        1.6997185256954657     
   1.0400000493973494        1.7036141867882821     
   1.0410000494448468        1.7075231439015195     
   1.0420000494923443        1.7114454730790731     
   1.0430000495398417        1.7153812509396733     
   1.0440000495873392        1.7193305546823432     
   1.0450000496348366        1.7232934620919189     
   1.0460000496823341        1.7272700515446331     
   1.0470000497298315        1.7312604020137612     
   1.0480000497773290        1.7352645930753350     
   1.0490000498248264        1.7392827049139188     
   1.0500000498723239        1.7433148183284548     
   1.0510000499198213        1.7473610147381742     
   1.0520000499673188        1.7514213761885775     
   1.0530000500148162        1.7554959853574839     
   1.0540000500623137        1.7595849255611504     
   1.0550000501098111        1.7636882807604637     
   1.0560000501573086        1.7678061355672019     
   1.0570000502048060        1.7719385752503711     
   1.0580000502523035        1.7760856857426155     
   1.0590000502998009        1.7802475536467028     
   1.0600000503472984        1.7844242662420857     
   1.0610000503947958        1.7886159114915405     
   1.0620000504422933        1.7928225780478841     
   1.0630000504897907        1.7970443552607704     
   1.0640000505372882        1.8012813331835673     
   1.0650000505847856        1.8055336025803144     
   1.0660000506322831        1.8098012549327647     
   1.0670000506797805        1.8140843824475097     
   1.0680000507272780        1.8183830780631887     
   1.0690000507747754        1.8226974354577854     
   1.0700000508222729        1.8270275490560113     
   1.0710000508697703        1.8313735140367777     
   1.0720000509172678        1.8357354263407584     
   1.0730000509647653        1.8401133826780418     
   1.0740000510122627        1.8445074805358779     
   1.0750000510597602        1.8489178181865165     
   1.0760000511072576        1.8533444946951421     
   1.0770000511547551        1.8577876099279047     
   1.0780000512022525        1.8622472645600483     
   1.0790000512497500        1.8667235600841390     
   1.0800000512972474        1.8712165988183926     
   1.0810000513447449        1.8757264839151055     
   1.0820000513922423        1.8802533193691884     
   1.0830000514397398        1.8847972100268051     
   1.0840000514872372        1.8893582615941176     
   1.0850000515347347        1.8939365806461392     
   1.0860000515822321        1.8985322746356983     
   1.0870000516297296        1.9031454519025108     
   1.0880000516772270        1.9077762216823679     
   1.0890000517247245        1.9124246941164371     
   1.0900000517722219        1.9170909802606793     
   1.0910000518197194        1.9217751920953834     
   1.0920000518672168        1.9264774425348210     
   1.0930000519147143        1.9311978454370224     
   1.0940000519622117        1.9359365156136747     
   1.0950000520097092        1.9406935688401457     
   1.0960000520572066        1.9454691218656335     
   1.0970000521047041        1.9502632924234458     
   1.0980000521522015        1.9550761992414087     
   1.0990000521996990        1.9599079620524080     
   1.1000000522471964        1.9647587016050656     
   1.1010000522946939        1.9696285396745508     
   1.1020000523421913        1.9745175990735313     
   1.1030000523896888        1.9794260036632647     
   1.1040000524371862        1.9843538783648309     
   1.1050000524846837        1.9893013491705112     
   1.1060000525321811        1.9942685431553129     
   1.1070000525796786        1.9992555884886438     
   1.1080000526271760        2.0042626144461373     
   1.1090000526746735        2.0092897514216319     
   1.1100000527221709        2.0143371309393068     
   1.1110000527696684        2.0194048856659741     
   1.1120000528171659        2.0244931494235336     
   1.1130000528646633        2.0296020572015916     
   1.1140000529121608        2.0347317451702414     
   1.1150000529596582        2.0398823506930173     
   1.1160000530071557        2.0450540123400152     
   1.1170000530546531        2.0502468699011898     
   1.1180000531021506        2.0554610643998252     
   1.1190000531496480        2.0606967381061865     
   1.1200000531971455        2.0659540345513521     
   1.1210000532446429        2.0712330985412311     
   1.1220000532921404        2.0765340761707680     
   1.1230000533396378        2.0818571148383360     
   1.1240000533871353        2.0872023632603272     
   1.1250000534346327        2.0925699714859345     
   1.1260000534821302        2.0979600909121383     
   1.1270000535296276        2.1033728742988909     
   1.1280000535771251        2.1088084757845085     
   1.1290000536246225        2.1142670509012738     
   1.1300000536721200        2.1197487565912483     
   1.1310000537196174        2.1252537512223024     
   1.1320000537671149        2.1307821946043637     
   1.1330000538146123        2.1363342480058876     
   1.1340000538621098        2.1419100741705548     
   1.1350000539096072        2.1475098373341992     
   1.1360000539571047        2.1531337032419677     
   1.1370000540046021        2.1587818391657194     
   1.1380000540520996        2.1644544139216646     
   1.1390000540995970        2.1701515978882484     
   1.1400000541470945        2.1758735630242856     
   1.1410000541945919        2.1816204828873467     
   1.1420000542420894        2.1873925326524013     
   1.1430000542895868        2.1931898891307249     
   1.1440000543370843        2.1990127307890686     
   1.1450000543845817        2.2048612377691015     
   1.1460000544320792        2.2107355919071261     
   1.1470000544795766        2.2166359767540733     
   1.1480000545270741        2.2225625775957814     
   1.1490000545745715        2.2285155814735629     
   1.1500000546220690        2.2344951772050656     
   1.1510000546695665        2.2405015554054311     
   1.1520000547170639        2.2465349085087558     
   1.1530000547645614        2.2525954307898619     
   1.1540000548120588        2.2586833183863799     
   1.1550000548595563        2.2647987693211511     
   1.1560000549070537        2.2709419835249531     
   1.1570000549545512        2.2771131628595556     
   1.1580000550020486        2.2833125111411112     
   1.1590000550495461        2.2895402341638866     
   1.1600000550970435        2.2957965397243409     
   1.1610000551445410        2.3020816376455553     
   1.1620000551920384        2.3083957398020232     
   1.1630000552395359        2.3147390601448032     
   1.1640000552870333        2.3211118147270451     
   1.1650000553345308        2.3275142217298908     
   1.1660000553820282        2.3339465014887608     
   1.1670000554295257        2.3404088765200317     
   1.1680000554770231        2.3469015715481087     
   1.1690000555245206        2.3534248135329059     
   1.1700000555720180        2.3599788316977337     
   1.1710000556195155        2.3665638575576091     
   1.1720000556670129        2.3731801249479885     
   1.1730000557145104        2.3798278700539357     
   1.1740000557620078        2.3865073314397307     
   1.1750000558095053        2.3932187500789261     
   1.1760000558570027        2.3999623693848622     
   1.1770000559045002        2.4067384352416457     
   1.1780000559519976        2.4135471960356019     
   1.1790000559994951        2.4203889026872085     
   1.1800000560469925        2.4272638086835201     
   1.1810000560944900        2.4341721701110908     
   1.1820000561419874        2.4411142456894068     
   1.1830000561894849        2.4480902968048333     
   1.1840000562369823        2.4551005875450906     
   1.1850000562844798        2.4621453847342654     
   1.1860000563319772        2.4692249579683678     
   1.1870000563794747        2.4763395796514445     
   1.1880000564269722        2.4834895250322573     
   1.1890000564744696        2.4906750722415389     
   1.1900000565219671        2.4978965023298363     
   1.1910000565694645        2.5051540993059493     
   1.1920000566169620        2.5124481501759810     
   1.1930000566644594        2.5197789449830066     
   1.1940000567119569        2.5271467768473745     
   1.1950000567594543        2.5345519420076505     
   1.1960000568069518        2.5419947398622180     
   1.1970000568544492        2.5494754730115448     
   1.1980000569019467        2.5569944473011312     
   1.1990000569494441        2.5645519718651522     
   1.2000000569969416        2.5721483591708019     
   1.2010000570444390        2.5797839250633623     
   1.2020000570919365        2.5874589888120023     
   1.2030000571394339        2.5951738731563236     
   1.2040000571869314        2.6029289043536705     
   1.2050000572344288        2.6107244122272131     
   1.2060000572819263        2.6185607302148219     
   1.2070000573294237        2.6264381954187503     
   1.2080000573769212        2.6343571486561359     
   1.2090000574244186        2.6423179345103414     
   1.2100000574719161        2.6503209013831479     
   1.2110000575194135        2.6583664015478199     
   1.2120000575669110        2.6664547912030572     
   1.2130000576144084        2.6745864305278499     
   1.2140000576619059        2.6827616837372585     
   1.2150000577094033        2.6909809191391325     
   1.2160000577569008        2.6992445091917898     
   1.2170000578043982        2.7075528305626722     
   1.2180000578518957        2.7159062641880007     
   1.2190000578993931        2.7243051953334474     
   1.2200000579468906        2.7327500136558429     
   1.2210000579943880        2.7412411132659460     
   1.2220000580418855        2.7497788927922908     
   1.2230000580893829        2.7583637554461355     
   1.2240000581368804        2.7669961090875339     
   1.2250000581843778        2.7756763662925565     
   1.2260000582318753        2.7844049444216767     
   1.2270000582793728        2.7931822656893557     
   1.2280000583268702        2.8020087572348396     
   1.2290000583743677        2.8108848511942046     
   1.2300000584218651        2.8198109847736674     
   1.2310000584693626        2.8287876003241896     
   1.2320000585168600        2.8378151454174065     
   1.2330000585643575        2.8468940729229018     
   1.2340000586118549        2.8560248410868585     
   1.2350000586593524        2.8652079136121178     
   1.2360000587068498        2.8744437597396701     
   1.2370000587543473        2.8837328543316127     
   1.2380000588018447        2.8930756779556011     
   1.2390000588493422        2.9024727169708293     
   1.2400000588968396        2.9119244636155690     
   1.2410000589443371        2.9214314160962997     
   1.2420000589918345        2.9309940786784687     
   1.2430000590393320        2.9406129617789083     
   1.2440000590868294        2.9502885820599531     
   1.2450000591343269        2.9600214625252881     
   1.2460000591818243        2.9698121326175695     
   1.2470000592293218        2.9796611283178529     
   1.2480000592768192        2.9895689922468689     
   1.2490000593243167        2.9995362737681894     
   1.2500000593718141        3.0095635290933220     
   1.2510000594193116        3.0196513213887748     
   1.2520000594668090        3.0298002208851380     
   1.2530000595143065        3.0400108049882255     
   1.2540000595618039        3.0502836583923192     
   1.2550000596093014        3.0606193731955655     
   1.2560000596567988        3.0710185490175732     
   1.2570000597042963        3.0814817931192566     
   1.2580000597517937        3.0920097205249801     
   1.2590000597992912        3.1026029541470512     
   1.2600000598467886        3.1132621249126187     
   1.2610000598942861        3.1239878718930258     
   1.2620000599417835        3.1347808424356809     
   1.2630000599892810        3.1456416922984931     
   1.2640000600367785        3.1565710857869420     
   1.2650000600842759        3.1675696958938340     
   1.2660000601317734        3.1786382044418096     
   1.2670000601792708        3.1897773022286673     
   1.2680000602267683        3.2009876891755646     
   1.2690000602742657        3.2122700744781665     
   1.2700000603217632        3.2236251767608084     
   1.2710000603692606        3.2350537242337452     
   1.2720000604167581        3.2465564548535557     
   1.2730000604642555        3.2581341164867816     
   1.2740000605117530        3.2697874670768727     
   1.2750000605592504        3.2815172748145183     
   1.2760000606067479        3.2933243183114458     
   1.2770000606542453        3.3052093867777694     
   1.2780000607017428        3.3171732802029701     
   1.2790000607492402        3.3292168095405996     
   1.2800000607967377        3.3413407968967945     
   1.2810000608442351        3.3535460757226923     
   1.2820000608917326        3.3658334910108461     
   1.2830000609392300        3.3782038994957331     
   1.2840000609867275        3.3906581698584586     
   1.2850000610342249        3.4031971829357559     
   1.2860000610817224        3.4158218319333917     
   1.2870000611292198        3.4285330226440802     
   1.2880000611767173        3.4413316736700224     
   1.2890000612242147        3.4542187166501828     
   1.2900000612717122        3.4671950964924227     
   1.2910000613192096        3.4802617716106110     
   1.2920000613667071        3.4934197141668362     
   1.2930000614142045        3.5066699103188532     
   1.2940000614617020        3.5200133604728898     
   1.2950000615091994        3.5334510795419547     
   1.2960000615566969        3.5469840972097866     
   1.2970000616041943        3.5606134582005833     
   1.2980000616516918        3.5743402225546670     
   1.2990000616991892        3.5881654659102331     
   1.3000000617466867        3.6020902797913417     
   1.3010000617941841        3.6161157719023120     
   1.3020000618416816        3.6302430664286911     
   1.3030000618891791        3.6444733043449618     
   1.3040000619366765        3.6588076437291730     
   1.3050000619841740        3.6732472600846711     
   1.3060000620316714        3.6877933466691220     
   1.3070000620791689        3.7024471148310139     
   1.3080000621266663        3.7172097943538454     
   1.3090000621741638        3.7320826338082003     
   1.3100000622216612        3.7470669009119222     
   1.3110000622691587        3.7621638828986059     
   1.3120000623166561        3.7773748868946337     
   1.3130000623641536        3.7927012403049840     
   1.3140000624116510        3.8081442912080568     
   1.3150000624591485        3.8237054087597562     
   1.3160000625066459        3.8393859836070914     
   1.3170000625541434        3.8551874283115528     
   1.3180000626016408        3.8711111777825371     
   1.3190000626491383        3.8871586897211001     
   1.3200000626966357        3.9033314450743242     
   1.3210000627441332        3.9196309485006005     
   1.3220000627916306        3.9360587288461293     
   1.3230000628391281        3.9526163396329599     
   1.3240000628866255        3.9693053595588932     
   1.3250000629341230        3.9861273930095864     
   1.3260000629816204        4.0030840705832107     
   1.3270000630291179        4.0201770496280167     
   1.3280000630766153        4.0374080147931899     
   1.3290000631241128        4.0547786785933653     
   1.3300000631716102        4.0722907819872178     
   1.3310000632191077        4.0899460949705198     
   1.3320000632666051        4.1077464171841056     
   1.3330000633141026        4.1256935785371702     
   1.3340000633616000        4.1437894398463637     
   1.3350000634090975        4.1620358934911472     
   1.3360000634565949        4.1804348640858899     
   1.3370000635040924        4.1989883091692208     
   1.3380000635515898        4.2176982199111404     
   1.3390000635990873        4.2365666218384375     
   1.3400000636465847        4.2555955755789618     
   1.3410000636940822        4.2747871776253330     
   1.3420000637415797        4.2941435611186680     
   1.3430000637890771        4.3136668966529585     
   1.3440000638365746        4.3333593931007215     
   1.3450000638840720        4.3532232984605894     
   1.3460000639315695        4.3732609007275247     
   1.3470000639790669        4.3934745287863599     
   1.3480000640265644        4.4138665533293997     
   1.3490000640740618        4.4344393877988466     
   1.3500000641215593        4.4551954893548338     
   1.3510000641690567        4.4761373598698802     
   1.3520000642165542        4.4972675469506163     
   1.3530000642640516        4.5185886449876529     
   1.3540000643115491        4.5401032962345074     
   1.3550000643590465        4.5618141919165236     
   1.3560000644065440        4.5837240733707656     
   1.3570000644540414        4.6058357332179014     
   1.3580000645015389        4.6281520165671246     
   1.3590000645490363        4.6506758222552076     
   1.3600000645965338        4.6734101041208236     
   1.3610000646440312        4.6963578723153043     
   1.3620000646915287        4.7195221946510690     
   1.3630000647390261        4.7429061979889795     
   1.3640000647865236        4.7665130696659466     
   1.3650000648340210        4.7903460589641558     
   1.3660000648815185        4.8144084786233341     
   1.3670000649290159        4.8387037063975384     
   1.3680000649765134        4.8632351866579944     
   1.3690000650240108        4.8880064320435954     
   1.3700000650715083        4.9130210251607096     
   1.3710000651190057        4.9382826203340366     
   1.3720000651665032        4.9637949454102959     
   1.3730000652140006        4.9895618036166294     
   1.3740000652614981        5.0155870754756569     
   1.3750000653089955        5.0418747207792141     
   1.3760000653564930        5.0684287806228756     
   1.3770000654039904        5.0952533795034638     
   1.3780000654514879        5.1223527274818315     
   1.3790000654989854        5.1497311224132911     
   1.3800000655464828        5.1773929522481854     
   1.3810000655939803        5.2053426974051744     
   1.3820000656414777        5.2335849332199400     
   1.3830000656889752        5.2621243324721192     
   1.3840000657364726        5.2909656679933983     
   1.3850000657839701        5.3201138153598189     
   1.3860000658314675        5.3495737556714937     
   1.3870000658789650        5.3793505784230566     
   1.3880000659264624        5.4094494844683192     
   1.3890000659739599        5.4398757890827678     
   1.3900000660214573        5.4706349251276798     
   1.3910000660689548        5.5017324463198198     
   1.3920000661164522        5.5331740306108523     
   1.3930000661639497        5.5649654836807816     
   1.3940000662114471        5.5971127425499416     
   1.3950000662589446        5.6296218793142456     
   1.3960000663064420        5.6624991050086466     
   1.3970000663539395        5.6957507736039528     
   1.3980000664014369        5.7293833861424144     
   1.3990000664489344        5.7634035950177323     
   1.4000000664964318        5.7978182084054000     
   1.4010000665439293        5.8326341948495841     
   1.4020000665914267        5.8678586880130288     
   1.4030000666389242        5.9034989915967877     
   1.4040000666864216        5.9395625844369100     
   1.4050000667339191        5.9760571257855419     
   1.4060000667814165        6.0129904607842901     
   1.4070000668289140        6.0503706261380525     
   1.4080000668764114        6.0882058559979368     
   1.4090000669239089        6.1265045880623124     
   1.4100000669714063        6.1652754699054917     
   1.4110000670189038        6.2045273655440090     
   1.4120000670664012        6.2442693622509688     
   1.4130000671138987        6.2845107776294693     
   1.4140000671613961        6.3252611669566603     
   1.4150000672088936        6.3665303308106003     
   1.4160000672563910        6.4083283229926939     
   1.4170000673038885        6.4506654587591612     
   1.4180000673513860        6.4935523233756971     
   1.4190000673988834        6.5369997810102198     
   1.4200000674463809        6.5810189839794004     
   1.4210000674938783        6.6256213823655070     
   1.4220000675413758        6.6708187340209699     
   1.4230000675888732        6.7166231149790443     
   1.4240000676363707        6.7630469302899208     
   1.4250000676838681        6.8101029253027097     
   1.4260000677313656        6.8578041974148514     
   1.4270000677788630        6.9061642083117016     
   1.4280000678263605        6.9551967967203199     
   1.4290000678738579        7.0049161917028320     
   1.4300000679213554        7.0553370265162023     
   1.4310000679688528        7.1064743530667567     
   1.4320000680163503        7.1583436569894534     
   1.4330000680638477        7.2109608733836348     
   1.4340000681113452        7.2643424032388433     
   1.4350000681588426        7.3185051305862627     
   1.4360000682063401        7.3734664404134636     
   1.4370000682538375        7.4292442373823784     
   1.4380000683013350        7.4858569653928368     
   1.4390000683488324        7.5433236280365614     
   1.4400000683963299        7.6016638099892697     
   1.4410000684438273        7.6608976993914615     
   1.4420000684913248        7.7210461112716215     
   1.4430000685388222        7.7821305120689139     
   1.4440000685863197        7.8441730453160554     
   1.4450000686338171        7.9071965585469179     
   1.4460000686813146        7.9712246314975337     
   1.4470000687288120        8.0362816056736204     
   1.4480000687763095        8.1023926153625130     
   1.4490000688238069        8.1695836201724852     
   1.4500000688713044        8.2378814391879569     
   1.4510000689188018        8.3073137868349782     
   1.4520000689662993        8.3779093105577527     
   1.4530000690137967        8.4496976304137696     
   1.4540000690612942        8.5227093807025245     
   1.4550000691087916        8.5969762537507126     
   1.4560000691562891        8.6725310459853642     
   1.4570000692037866        8.7494077064356155     
   1.4580000692512840        8.8276413878137898     
   1.4590000692987815        8.9072685003372456     
   1.4600000693462789        8.9883267684640913     
   1.4610000693937764        9.0708552907284918     
   1.4620000694412738        9.1548946028749274     
   1.4630000694887713        9.2404867445055618     
   1.4640000695362687        9.3276753294709174     
   1.4650000695837662        9.4165056202514439     
   1.4660000696312636        9.5070246065964827     
   1.4670000696787611        9.5992810887076256     
   1.4680000697262585        9.6933257652758353     
   1.4690000697737560        9.7892113267059635     
   1.4700000698212534        9.8869925538887902     
   1.4710000698687509        9.9867264229095625     
   1.4720000699162483        10.088472216113486     
   1.4730000699637458        10.192291639983015     
   1.4740000700112432        10.298248950319350     
   1.4750000700587407        10.406411085261665     
   1.4760000701062381        10.516847806722582     
   1.4770000701537356        10.629631850867742     
   1.4780000702012330        10.744839088321397     
   1.4790000702487305        10.862548694839393     
   1.4800000702962279        10.982843333256149     
   1.4810000703437254        11.105809347584103     
   1.4820000703912228        11.231536970223187     
   1.4830000704387203        11.360120543325094     
   1.4840000704862177        11.491658755453328     
   1.4850000705337152        11.626254894786422     
   1.4860000705812126        11.764017120229244     
   1.4870000706287101        11.905058751927591     
   1.4880000706762075        12.049498582825651     
   1.4890000707237050        12.197461213066168     
   1.4900000707712024        12.349077409211237     
   1.4910000708186999        12.504484490459831     
   1.4920000708661973        12.663826744258955     
   1.4930000709136948        12.827255873951646     
   1.4940000709611923        12.994931481380151     
   1.4950000710086897        13.167021587670487     
   1.4960000710561872        13.343703195769336     
   1.4970000711036846        13.525162898691104     
   1.4980000711511821        13.711597537867537     
   1.4990000711986795        13.903214916481394     
   1.5000000712461770        14.100234573216795     
   1.5010000712936744        14.302888622481026     
   1.5020000713411719        14.511422667856118     
   1.5030000713886693        14.726096796335234     
   1.5040000714361668        14.947186661802972     
   1.5050000714836642        15.174984667246239     
   1.5060000715311617        15.409801256352496     
   1.5070000715786591        15.651966326487196     
   1.5080000716261566        15.901830776568415     
   1.5090000716736540        16.159768205104825     
   1.5100000717211515        16.426176775669845     
   1.5110000717686489        16.701481269393053     
   1.5120000718161464        16.986135346711215     
   1.5130000718636438        17.280624043696264     
   1.5140000719111413        17.585466531839259     
   1.5150000719586387        17.901219174304714     
   1.5160000720061362        18.228478916483233     
   1.5170000720536336        18.567887054288125     
   1.5180000721011311        18.920133430215394     
   1.5190000721486285        19.285961114900790     
   1.5200000721961260        19.666171640986260     
   1.5210000722436234        20.061630866824899     
   1.5220000722911209        20.473275560243188     
   1.5230000723386183        20.902120807654057     
   1.5240000723861158        21.349268371782550     
   1.5250000724336132        21.815916142758095     
   1.5260000724811107        22.303368853128507     
   1.5270000725286081        22.813050258442161     
   1.5280000725761056        23.346517022659558     
   1.5290000726236030        23.905474593350327     
   1.5300000726711005        24.491795407381602     
   1.5310000727185979        25.107539836128371     
   1.5320000727660954        25.754980363367011     
   1.5330000728135929        26.436629593118663     
   1.5340000728610903        27.155272814199876     
   1.5350000729085878        27.914006010180813     
   1.5360000729560852        28.716280407138715     
   1.5370000730035827        29.565954909329843     
   1.5380000730510801        30.467358101099954     
   1.5390000730985776        31.425361914075598     
   1.5400000731460750        32.445469601833366     
   1.5410000731935725        33.533921370721956     
   1.5420000732410699        34.697821941736493     
   1.5430000732885674        35.945295542937885     
   1.5440000733360648        37.285675465565234     
   1.5450000733835623        38.729737517285791     
   1.5460000734310597        40.289989699944812     
   1.5470000734785572        41.981034557810048     
   1.5480000735260546        43.820026375180582     
   1.5490000735735521        45.827253483704766     
   1.5500000736210495        48.026887488831740     
   1.5510000736685470        50.447957975703915     
   1.5520000737160444        53.125635944828836     
   1.5530000737635419        56.102946264896708     
   1.5540000738110393        59.433086068373612     
   1.5550000738585368        63.182614482708750     
   1.5560000739060342        67.435920547765264     
   1.5570000739535317        72.301608327049792     
   1.5580000740010291        77.921830494788310     
   1.5590000740485266        84.486286620638907     
   1.5600000740960240        92.253843735202693     
   1.5610000741435215        101.58708468660289     
   1.5620000741910189        113.00975569340251     
   1.5630000742385164        127.30690969280866     
   1.5640000742860138        145.70970702611686     
   1.5650000743335113        170.26118770180767     
   1.5660000743810087        204.60711802996912     
   1.5670000744285062        255.91442774488274     
   1.5680000744760036        340.31295968068457     
   1.5690000745235011        502.24628600706967     
