           1           1   2000.0000083168709     
           1           2   2019.5454612027172     
           1           3   2038.1818198752858     
           1           4   2055.9090843795298     
           1           5   2072.7272547899174     
           1           6   2088.6363312097610     
           1           7   2103.6363137702756     
           1           8   2117.7272026293977     
           1           9   2130.9089979703476     
           1          10   2143.1816999999769     
           1          11   2154.5453089468911     
           1          12   2164.9998250593799     
           1          13   2174.5452486031686     
           1          14   2183.1815798590151     
           1          15   2190.9088191201608     
           1          16   2197.7269666896818     
           1          17   2203.6360228777367     
           1          18   2208.6359879987667     
           1          19   2212.7268623686400     
           1          20   2215.9086463017966     
           1          21   2218.1813401083964     
           1          22   2219.5449440915163     
           1          23   2219.9994585443960     
           1          24   2219.5448837477938     
           1          25   2218.1812199674350     
           1          26   2215.9084674516107     
           1          27   2212.7266264289233     
           1          28   2208.6356971062278     
           1          29   2203.6356796667415     
           1          30   2197.7265742684035     
           1          31   2190.9083810424272     
           1          32   2183.1811000921261     
           1          33   2174.5447314919670     
           1          34   2164.9992752869052     
           2           1   1930.4545720271067     
           2           2   1950.0000249129530     
           2           3   1968.6363835855218     
           2           4   1986.3636480897655     
           2           5   2003.1818185001539     
           2           6   2019.0908949199966     
           2           7   2034.0908774805121     
           2           8   2048.1817663396332     
           2           9   2061.3635616805832     
           2          10   2073.6362637102129     
           2          11   2084.9998726571271     
           2          12   2095.4543887696154     
           2          13   2104.9998123134051     
           2          14   2113.6361435692506     
           2          15   2121.3633828303973     
           2          16   2128.1815303999174     
           2          17   2134.0905865879731     
           2          18   2139.0905517090023     
           2          19   2143.1814260788760     
           2          20   2146.3632100120321     
           2          21   2148.6359038186333     
           2          22   2149.9995078017514     
           2          23   2150.4540222546320     
           2          24   2149.9994474580299     
           2          25   2148.6357836776715     
           2          26   2146.3630311618454     
           2          27   2143.1811901391602     
           2          28   2139.0902608164624     
           2          29   2134.0902433769779     
           2          30   2128.1811379786386     
           2          31   2121.3629447526637     
           2          32   2113.6356638023617     
           2          33   2104.9992952022039     
           2          34   2095.4538389971403     
           3           1   1861.8182629924881     
           3           2   1881.3637158783345     
           3           3   1900.0000745509030     
           3           4   1917.7273390551470     
           3           5   1934.5455094655349     
           3           6   1950.4545858853785     
           3           7   1965.4545684458931     
           3           8   1979.5454573050147     
           3           9   1992.7272526459644     
           3          10   2004.9999546755944     
           3          11   2016.3635636225081     
           3          12   2026.8180797349971     
           3          13   2036.3635032787861     
           3          14   2044.9998345346328     
           3          15   2052.7270737957783     
           3          16   2059.5452213652989     
           3          17   2065.4542775533537     
           3          18   2070.4542426743837     
           3          19   2074.5451170442575     
           3          20   2077.7269009774145     
           3          21   2079.9995947840139     
           3          22   2081.3631987671333     
           3          23   2081.8177132200135     
           3          24   2081.3631384234113     
           3          25   2079.9994746430521     
           3          26   2077.7267221272277     
           3          27   2074.5448811045408     
           3          28   2070.4539517818448     
           3          29   2065.4539343423585     
           3          30   2059.5448289440210     
           3          31   2052.7266357180442     
           3          32   2044.9993547677436     
           3          33   2036.3629861675845     
           3          34   2026.8175299625223     
           4           1   1794.0910807185332     
           4           2   1813.6365336043793     
           4           3   1832.2728922769481     
           4           4   1850.0001567811917     
           4           5   1866.8183271915802     
           4           6   1882.7274036114231     
           4           7   1897.7273861719384     
           4           8   1911.8182750310596     
           4           9   1925.0000703720098     
           4          10   1937.2727724016390     
           4          11   1948.6363813485532     
           4          12   1959.0908974610415     
           4          13   1968.6363210048314     
           4          14   1977.2726522606772     
           4          15   1984.9998915218234     
           4          16   1991.8180390913433     
           4          17   1997.7270952793988     
           4          18   2002.7270604004284     
           4          19   2006.8179347703026     
           4          20   2009.9997187034585     
           4          21   2012.2724125100594     
           4          22   2013.6360164931777     
           4          23   2014.0905309460586     
           4          24   2013.6359561494558     
           4          25   2012.2722923690976     
           4          26   2009.9995398532719     
           4          27   2006.8176988305863     
           4          28   2002.7267695078888     
           4          29   1997.7267520684043     
           4          30   1991.8176466700647     
           4          31   1984.9994534440902     
           4          32   1977.2721724937878     
           4          33   1968.6358038936298     
           4          34   1959.0903476885665     
           5           1   1727.2730243860822     
           5           2   1746.8184772719287     
           5           3   1765.4548359444968     
           5           4   1783.1821004487410     
           5           5   1800.0002708591289     
           5           6   1815.9093472789727     
           5           7   1830.9093298394873     
           5           8   1845.0002186986087     
           5           9   1858.1820140395587     
           5          10   1870.4547160691886     
           5          11   1881.8183250161021     
           5          12   1892.2728411285909     
           5          13   1901.8182646723801     
           5          14   1910.4545959282266     
           5          15   1918.1818351893724     
           5          16   1924.9999827588927     
           5          17   1930.9090389469477     
           5          18   1935.9090040679780     
           5          19   1939.9998784378513     
           5          20   1943.1816623710079     
           5          21   1945.4543561776081     
           5          22   1946.8179601607274     
           5          23   1947.2724746136073     
           5          24   1946.8178998170056     
           5          25   1945.4542360366463     
           5          26   1943.1814835208215     
           5          27   1939.9996424981348     
           5          28   1935.9087131754386     
           5          29   1930.9086957359532     
           5          30   1924.9995903376148     
           5          31   1918.1813971116387     
           5          32   1910.4541161613377     
           5          33   1901.8177475611785     
           5          34   1892.2722913561163     
           6           1   1661.3640928587176     
           6           2   1680.9095457445637     
           6           3   1699.5459044171325     
           6           4   1717.2731689213761     
           6           5   1734.0913393317646     
           6           6   1750.0004157516073     
           6           7   1765.0003983121228     
           6           8   1779.0912871712439     
           6           9   1792.2730825121944     
           6          10   1804.5457845418234     
           6          11   1815.9093934887376     
           6          12   1826.3639096012259     
           6          13   1835.9093331450158     
           6          14   1844.5456644008616     
           6          15   1852.2729036620080     
           6          16   1859.0910512315277     
           6          17   1865.0001074195834     
           6          18   1870.0000725406130     
           6          19   1874.0909469104870     
           6          20   1877.2727308436433     
           6          21   1879.5454246502438     
           6          22   1880.9090286333624     
           6          23   1881.3635430862430     
           6          24   1880.9089682896404     
           6          25   1879.5453045092818     
           6          26   1877.2725519934563     
           6          27   1874.0907109707707     
           6          28   1869.9997816480736     
           6          29   1864.9997642085889     
           6          30   1859.0906588102498     
           6          31   1852.2724655842744     
           6          32   1844.5451846339724     
           6          33   1835.9088160338144     
           6          34   1826.3633598287511     
           7           1   1596.3642846930529     
           7           2   1615.9097375788997     
           7           3   1634.5460962514680     
           7           4   1652.2733607557120     
           7           5   1669.0915311661001     
           7           6   1685.0006075859437     
           7           7   1700.0005901464583     
           7           8   1714.0914790055799     
           7           9   1727.2732743465297     
           7          10   1739.5459763761596     
           7          11   1750.9095853230729     
           7          12   1761.3641014355619     
           7          13   1770.9095249793511     
           7          14   1779.5458562351976     
           7          15   1787.2730954963436     
           7          16   1794.0912430658636     
           7          17   1800.0002992539189     
           7          18   1805.0002643749490     
           7          19   1809.0911387448223     
           7          20   1812.2729226779788     
           7          21   1814.5456164845793     
           7          22   1815.9092204676986     
           7          23   1816.3637349205787     
           7          24   1815.9091601239766     
           7          25   1814.5454963436175     
           7          26   1812.2727438277925     
           7          27   1809.0909028051062     
           7          28   1804.9999734824100     
           7          29   1799.9999560429244     
           7          30   1794.0908506445860     
           7          31   1787.2726574186097     
           7          32   1779.5453764683089     
           7          33   1770.9090078681497     
           7          34   1761.3635516630875     
           8           1   1532.2735981518081     
           8           2   1551.8190510376542     
           8           3   1570.4554097102230     
           8           4   1588.1826742144667     
           8           5   1605.0008446248553     
           8           6   1620.9099210446980     
           8           7   1635.9099036052132     
           8           8   1650.0007924643344     
           8           9   1663.1825878052848     
           8          10   1675.4552898349139     
           8          11   1686.8188987818282     
           8          12   1697.2734148943164     
           8          13   1706.8188384381062     
           8          14   1715.4551696939523     
           8          15   1723.1824089550983     
           8          16   1730.0005565246183     
           8          17   1735.9096127126741     
           8          18   1740.9095778337037     
           8          19   1745.0004522035774     
           8          20   1748.1822361367338     
           8          21   1750.4549299433345     
           8          22   1751.8185339264530     
           8          23   1752.2730483793337     
           8          24   1751.8184735827310     
           8          25   1750.4548098023724     
           8          26   1748.1820572865472     
           8          27   1745.0002162638614     
           8          28   1740.9092869411643     
           8          29   1735.9092695016795     
           8          30   1730.0001641033405     
           8          31   1723.1819708773651     
           8          32   1715.4546899270631     
           8          33   1706.8183213269051     
           8          34   1697.2728651218417     
           9           1   1469.0920312195376     
           9           2   1488.6374841053839     
           9           3   1507.2738427779527     
           9           4   1525.0011072821967     
           9           5   1541.8192776925844     
           9           6   1557.7283541124280     
           9           7   1572.7283366729425     
           9           8   1586.8192255320641     
           9           9   1600.0010208730141     
           9          10   1612.2737229026438     
           9          11   1623.6373318495575     
           9          12   1634.0918479620464     
           9          13   1643.6372715058355     
           9          14   1652.2736027616820     
           9          15   1660.0008420228278     
           9          16   1666.8189895923481     
           9          17   1672.7280457804034     
           9          18   1677.7280109014332     
           9          19   1681.8188852713070     
           9          20   1685.0006692044635     
           9          21   1687.2733630110638     
           9          22   1688.6369669941832     
           9          23   1689.0914814470630     
           9          24   1688.6369066504612     
           9          25   1687.2732428701017     
           9          26   1685.0004903542772     
           9          27   1681.8186493315907     
           9          28   1677.7277200088943     
           9          29   1672.7277025694088     
           9          30   1666.8185971710705     
           9          31   1660.0004039450944     
           9          32   1652.2731229947933     
           9          33   1643.6367543946344     
           9          34   1634.0912981895719     
          10           1   1406.8195816208874     
          10           2   1426.3650345067335     
          10           3   1445.0013931793023     
          10           4   1462.7286576835461     
          10           5   1479.5468280939342     
          10           6   1495.4559045137773     
          10           7   1510.4558870742924     
          10           8   1524.5467759334138     
          10           9   1537.7285712743640     
          10          10   1550.0012733039932     
          10          11   1561.3648822509074     
          10          12   1571.8193983633957     
          10          13   1581.3648219071856     
          10          14   1590.0011531630314     
          10          15   1597.7283924241779     
          10          16   1604.5465399936977     
          10          17   1610.4555961817532     
          10          18   1615.4555613027831     
          10          19   1619.5464356726566     
          10          20   1622.7282196058131     
          10          21   1625.0009134124136     
          10          22   1626.3645173955324     
          10          23   1626.8190318484133     
          10          24   1626.3644570518102     
          10          25   1625.0007932714520     
          10          26   1622.7280407556266     
          10          27   1619.5461997329405     
          10          28   1615.4552704102439     
          10          29   1610.4552529707589     
          10          30   1604.5461475724198     
          10          31   1597.7279543464447     
          10          32   1590.0006733961427     
          10          33   1581.3643047959845     
          10          34   1571.8188485909213     
          11           1   1345.4562468411978     
          11           2   1365.0016997270438     
          11           3   1383.6380583996126     
          11           4   1401.3653229038564     
          11           5   1418.1834933142445     
          11           6   1434.0925697340876     
          11           7   1449.0925522946025     
          11           8   1463.1834411537241     
          11           9   1476.3652364946743     
          11          10   1488.6379385243035     
          11          11   1500.0015474712177     
          11          12   1510.4560635837063     
          11          13   1520.0014871274957     
          11          14   1528.6378183833422     
          11          15   1536.3650576444879     
          11          16   1543.1832052140080     
          11          17   1549.0922614020635     
          11          18   1554.0922265230931     
          11          19   1558.1831008929669     
          11          20   1561.3648848261232     
          11          21   1563.6375786327237     
          11          22   1565.0011826158429     
          11          23   1565.4556970687229     
          11          24   1565.0011222721212     
          11          25   1563.6374584917621     
          11          26   1561.3647059759371     
          11          27   1558.1828649532506     
          11          28   1554.0919356305544     
          11          29   1549.0919181910688     
          11          30   1543.1828127927304     
          11          31   1536.3646195667543     
          11          32   1528.6373386164532     
          11          33   1520.0009700162943     
          11          34   1510.4555138112319     
          12           1   1285.0020241492775     
          12           2   1304.5474770351241     
          12           3   1323.1838357076924     
          12           4   1340.9111002119364     
          12           5   1357.7292706223243     
          12           6   1373.6383470421674     
          12           7   1388.6383296026825     
          12           8   1402.7292184618041     
          12           9   1415.9110138027540     
          12          10   1428.1837158323835     
          12          11   1439.5473247792975     
          12          12   1450.0018408917863     
          12          13   1459.5472644355757     
          12          14   1468.1835956914219     
          12          15   1475.9108349525679     
          12          16   1482.7289825220878     
          12          17   1488.6380387101431     
          12          18   1493.6380038311731     
          12          19   1497.7288782010467     
          12          20   1500.9106621342030     
          12          21   1503.1833559408039     
          12          22   1504.5469599239225     
          12          23   1505.0014743768033     
          12          24   1504.5468995802007     
          12          25   1503.1832357998424     
          12          26   1500.9104832840167     
          12          27   1497.7286422613311     
          12          28   1493.6377129386335     
          12          29   1488.6376954991492     
          12          30   1482.7285901008099     
          12          31   1475.9103968748350     
          12          32   1468.1831159245328     
          12          33   1459.5467473243748     
          12          34   1450.0012911193116     
          13           1   1225.4569106221388     
          13           2   1245.0023635079851     
          13           3   1263.6387221805539     
          13           4   1281.3659866847977     
          13           5   1298.1841570951858     
          13           6   1314.0932335150289     
          13           7   1329.0932160755438     
          13           8   1343.1841049346654     
          13           9   1356.3659002756153     
          13          10   1368.6386023052451     
          13          11   1380.0022112521588     
          13          12   1390.4567273646476     
          13          13   1400.0021509084370     
          13          14   1408.6384821642832     
          13          15   1416.3657214254290     
          13          16   1423.1838689949493     
          13          17   1429.0929251830046     
          13          18   1434.0928903040342     
          13          19   1438.1837646739079     
          13          20   1441.3655486070643     
          13          21   1443.6382424136648     
          13          22   1445.0018463967842     
          13          23   1445.4563608496642     
          13          24   1445.0017860530625     
          13          25   1443.6381222727032     
          13          26   1441.3653697568784     
          13          27   1438.1835287341917     
          13          28   1434.0925994114955     
          13          29   1429.0925819720098     
          13          30   1423.1834765736719     
          13          31   1416.3652833476958     
          13          32   1408.6380023973945     
          13          33   1400.0016337972356     
          13          34   1390.4561775921729     
          14           1   1166.8209031714669     
          14           2   1186.3663560573132     
          14           3   1205.0027147298817     
          14           4   1222.7299792341257     
          14           5   1239.5481496445136     
          14           6   1255.4572260643567     
          14           7   1270.4572086248718     
          14           8   1284.5480974839932     
          14           9   1297.7298928249434     
          14          10   1310.0025948545729     
          14          11   1321.3662038014870     
          14          12   1331.8207199139754     
          14          13   1341.3661434577650     
          14          14   1350.0024747136113     
          14          15   1357.7297139747570     
          14          16   1364.5478615442769     
          14          17   1370.4569177323324     
          14          18   1375.4568828533625     
          14          19   1379.5477572232360     
          14          20   1382.7295411563923     
          14          21   1385.0022349629933     
          14          22   1386.3658389461116     
          14          23   1386.8203533989927     
          14          24   1386.3657786023900     
          14          25   1385.0021148220317     
          14          26   1382.7293623062060     
          14          27   1379.5475212835204     
          14          28   1375.4565919608228     
          14          29   1370.4565745213386     
          14          30   1364.5474691229990     
          14          31   1357.7292758970241     
          14          32   1350.0019949467221     
          14          33   1341.3656263465637     
          14          34   1331.8201701415007     
          15           1   1109.0939985715886     
          15           2   1128.6394514574351     
          15           3   1147.2758101300037     
          15           4   1165.0030746342475     
          15           5   1181.8212450446356     
          15           6   1197.7303214644787     
          15           7   1212.7303040249938     
          15           8   1226.8211928841151     
          15           9   1240.0029882250653     
          15          10   1252.2756902546948     
          15          11   1263.6392992016088     
          15          12   1274.0938153140974     
          15          13   1283.6392388578868     
          15          14   1292.2755701137330     
          15          15   1300.0028093748788     
          15          16   1306.8209569443989     
          15          17   1312.7300131324544     
          15          18   1317.7299782534842     
          15          19   1321.8208526233580     
          15          20   1325.0026365565143     
          15          21   1327.2753303631148     
          15          22   1328.6389343462340     
          15          23   1329.0934487991140     
          15          24   1328.6388740025122     
          15          25   1327.2752102221527     
          15          26   1325.0024577063282     
          15          27   1321.8206166836417     
          15          28   1317.7296873609453     
          15          29   1312.7296699214598     
          15          30   1306.8205645231214     
          15          31   1300.0023712971456     
          15          32   1292.2750903468441     
          15          33   1283.6387217466854     
          15          34   1274.0932655416227     
          16           1   1052.2761934886857     
          16           2   1071.8216463745318     
          16           3   1090.4580050471009     
          16           4   1108.1852695513446     
          16           5   1125.0034399617327     
          16           6   1140.9125163815759     
          16           7   1155.9124989420907     
          16           8   1170.0033878012123     
          16           9   1183.1851831421623     
          16          10   1195.4578851717915     
          16          11   1206.8214941187057     
          16          12   1217.2760102311943     
          16          13   1226.8214337749839     
          16          14   1235.4577650308297     
          16          15   1243.1850042919759     
          16          16   1250.0031518614960     
          16          17   1255.9122080495515     
          16          18   1260.9121731705811     
          16          19   1265.0030475404549     
          16          20   1268.1848314736114     
          16          21   1270.4575252802119     
          16          22   1271.8211292633305     
          16          23   1272.2756437162116     
          16          24   1271.8210689196085     
          16          25   1270.4574051392506     
          16          26   1268.1846526234249     
          16          27   1265.0028116007391     
          16          28   1260.9118822780417     
          16          29   1255.9118648385572     
          16          30   1250.0027594402181     
          16          31   1243.1845662142427     
          16          32   1235.4572852639410     
          16          33   1226.8209166637826     
          16          34   1217.2754604587199     
          17           1   996.36748451098492     
          17           2   1015.9129373968315     
          17           3   1034.5492960693998     
          17           4   1052.2765605736436     
          17           5   1069.0947309840321     
          17           6   1085.0038074038750     
          17           7   1100.0037899643901     
          17           8   1114.0946788235112     
          17           9   1127.2764741644614     
          17          10   1139.5491761940909     
          17          11   1150.9127851410049     
          17          12   1161.3673012534935     
          17          13   1170.9127247972829     
          17          14   1179.5490560531291     
          17          15   1187.2762953142751     
          17          16   1194.0944428837954     
          17          17   1200.0034990718507     
          17          18   1205.0034641928805     
          17          19   1209.0943385627543     
          17          20   1212.2761224959106     
          17          21   1214.5488163025111     
          17          22   1215.9124202856303     
          17          23   1216.3669347385103     
          17          24   1215.9123599419086     
          17          25   1214.5486961615491     
          17          26   1212.2759436457245     
          17          27   1209.0941026230375     
          17          28   1205.0031733003416     
          17          29   1200.0031558608559     
          17          30   1194.0940504625175     
          17          31   1187.2758572365417     
          17          32   1179.5485762862404     
          17          33   1170.9122076860815     
          17          34   1161.3667514810190     
          18           1   941.36786817965663     
          18           2   960.91332106550271     
          18           3   979.54967973807152     
          18           4   997.27694424231527     
          18           5   1014.0951146527034     
          18           6   1030.0041910725465     
          18           7   1045.0041736330613     
          18           8   1059.0950624921829     
          18           9   1072.2768578331329     
          18          10   1084.5495598627624     
          18          11   1095.9131688096763     
          18          12   1106.3676849221652     
          18          13   1115.9131084659543     
          18          14   1124.5494397218008     
          18          15   1132.2766789829468     
          18          16   1139.0948265524669     
          18          17   1145.0038827405224     
          18          18   1150.0038478615522     
          18          19   1154.0947222314257     
          18          20   1157.2765061645821     
          18          21   1159.5491999711830     
          18          22   1160.9128039543016     
          18          23   1161.3673184071822     
          18          24   1160.9127436105796     
          18          25   1159.5490798302212     
          18          26   1157.2763273143958     
          18          27   1154.0944862917099     
          18          28   1150.0035569690126     
          18          29   1145.0035395295281     
          18          30   1139.0944341311888     
          18          31   1132.2762409052139     
          18          32   1124.5489599549117     
          18          33   1115.9125913547537     
          18          34   1106.3671351496903     
          19           1   887.27734102013756     
          19           2   906.82279390598399     
          19           3   925.45915257855256     
          19           4   943.18641708279642     
          19           5   960.00458749318443     
          19           6   975.91366391302745     
          19           7   990.91364647354249     
          19           8   1005.0045353326640     
          19           9   1018.1863306736141     
          19          10   1030.4590327032433     
          19          11   1041.8226416501575     
          19          12   1052.2771577626461     
          19          13   1061.8225813064357     
          19          14   1070.4589125622820     
          19          15   1078.1861518234277     
          19          16   1085.0042993929478     
          19          17   1090.9133555810033     
          19          18   1095.9133207020332     
          19          19   1100.0041950719067     
          19          20   1103.1859790050635     
          19          21   1105.4586728116637     
          19          22   1106.8222767947830     
          19          23   1107.2767912476629     
          19          24   1106.8222164510610     
          19          25   1105.4585526707019     
          19          26   1103.1858001548771     
          19          27   1100.0039591321904     
          19          28   1095.9130298094940     
          19          29   1090.9130123700086     
          19          30   1085.0039069716704     
          19          31   1078.1857137456943     
          19          32   1070.4584327953930     
          19          33   1061.8220641952341     
          19          34   1052.2766079901717     
          20           1   834.09589957359833     
          20           2   853.64135245944453     
          20           3   872.27771113201334     
          20           4   890.00497563625709     
          20           5   906.82314604664532     
          20           6   922.73222246648822     
          20           7   937.73220502700315     
          20           8   951.82309388612475     
          20           9   965.00488922707484     
          20          10   977.27759125670423     
          20          11   988.64120020361815     
          20          12   999.09571631610675     
          20          13   1008.6411398598963     
          20          14   1017.2774711157424     
          20          15   1025.0047103768886     
          20          16   1031.8228579464082     
          20          17   1037.7319141344642     
          20          18   1042.7318792554936     
          20          19   1046.8227536253676     
          20          20   1050.0045375585237     
          20          21   1052.2772313651244     
          20          22   1053.6408353482432     
          20          23   1054.0953498011238     
          20          24   1053.6407750045214     
          20          25   1052.2771112241630     
          20          26   1050.0043587083373     
          20          27   1046.8225176856515     
          20          28   1042.7315883629544     
          20          29   1037.7315709234697     
          20          30   1031.8224655251306     
          20          31   1025.0042722991554     
          20          32   1017.2769913488535     
          20          33   1008.6406227486950     
          20          34   999.09516654363210     
          21           1   781.82354042826557     
          21           2   801.36899331411200     
          21           3   820.00535198668047     
          21           4   837.73261649092444     
          21           5   854.55078690131245     
          21           6   870.45986332115569     
          21           7   885.45984588167050     
          21           8   899.55073474079200     
          21           9   912.73253008174220     
          21          10   925.00523211137147     
          21          11   936.36884105828551     
          21          12   946.82335717077399     
          21          13   956.36878071456340     
          21          14   965.00511197040987     
          21          15   972.73235123155541     
          21          16   979.55049880107583     
          21          17   985.45955498913111     
          21          18   990.45952011016129     
          21          19   994.55039448003458     
          21          20   997.73217841319138     
          21          21   1000.0048722197915     
          21          22   1001.3684762029106     
          21          23   1001.8229906557908     
          21          24   1001.3684158591889     
          21          25   1000.0047520788298     
          21          26   997.73199956300505     
          21          27   994.55015854031842     
          21          28   990.45922921762212     
          21          29   985.45921177813671     
          21          30   979.55010637979808     
          21          31   972.73191315382246     
          21          32   965.00463220352094     
          21          33   956.36826360336215     
          21          34   946.82280739829957     
          22           1   730.46026025032097     
          22           2   750.00571313616717     
          22           3   768.64207180873586     
          22           4   786.36933631297961     
          22           5   803.18750672336785     
          22           6   819.09658314321064     
          22           7   834.09656570372590     
          22           8   848.18745456284728     
          22           9   861.36924990379725     
          22          10   873.64195193342675     
          22          11   885.00556088034068     
          22          12   895.46007699282927     
          22          13   905.00550053661880     
          22          14   913.64183179246493     
          22          15   921.36907105361092     
          22          16   928.18721862313100     
          22          17   934.09627481118650     
          22          18   939.09623993221612     
          22          19   943.18711430208998     
          22          20   946.36889823524621     
          22          21   948.64159204184682     
          22          22   950.00519602496570     
          22          23   950.45971047784633     
          22          24   950.00513568124381     
          22          25   948.64147190088534     
          22          26   946.36871938505988     
          22          27   943.18687836237393     
          22          28   939.09594903967695     
          22          29   934.09593160019199     
          22          30   928.18682620185314     
          22          31   921.36863297587786     
          22          32   913.64135202557600     
          22          33   905.00498342541755     
          22          34   895.45952722035463     
          23           1   680.00605581409116     
          23           2   699.55150869993759     
          23           3   718.18786737250616     
          23           4   735.91513187675014     
          23           5   752.73330228713803     
          23           6   768.64237870698128     
          23           7   783.64236126749597     
          23           8   797.73325012661780     
          23           9   810.91504546756767     
          23          10   823.18774749719705     
          23          11   834.55135644411098     
          23          12   845.00587255659968     
          23          13   854.55129610038910     
          23          14   863.18762735623534     
          23          15   870.91486661738122     
          23          16   877.73301418690153     
          23          17   883.64207037495680     
          23          18   888.64203549598676     
          23          19   892.73290986586017     
          23          20   895.91469379901685     
          23          21   898.18738760561712     
          23          22   899.55099158873622     
          23          23   900.00550604161640     
          23          24   899.55093124501445     
          23          25   898.18726746465552     
          23          26   895.91451494883040     
          23          27   892.73267392614412     
          23          28   888.64174460344759     
          23          29   883.64172716396229     
          23          30   877.73262176562378     
          23          31   870.91442853964804     
          23          32   863.18714758934652     
          23          33   854.55077898918785     
          23          34   845.00532278412516     
          24           1   630.46092403126227     
          24           2   650.00637691710835     
          24           3   668.64273558967716     
          24           4   686.37000009392091     
          24           5   703.18817050430914     
          24           6   719.09724692415205     
          24           7   734.09722948466708     
          24           8   748.18811834378835     
          24           9   761.36991368473878     
          24          10   773.64261571436782     
          24          11   785.00622466128186     
          24          12   795.46074077377034     
          24          13   805.00616431755998     
          24          14   813.64249557340611     
          24          15   821.36973483455222     
          24          16   828.18788240407218     
          24          17   834.09693859212780     
          24          18   839.09690371315753     
          24          19   843.18777808303116     
          24          20   846.36956201618750     
          24          21   848.64225582278812     
          24          22   850.00585980590699     
          24          23   850.46037425878762     
          24          24   850.00579946218522     
          24          25   848.64213568182652     
          24          26   846.36938316600117     
          24          27   843.18754214331511     
          24          28   839.09661282061825     
          24          29   834.09659538113340     
          24          30   828.18748998279443     
          24          31   821.36929675681904     
          24          32   813.64201580651741     
          24          33   805.00564720635884     
          24          34   795.46019100129593     
          25           1   581.82486197884509     
          25           2   601.37031486469164     
          25           3   620.00667353725999     
          25           4   637.73393804150396     
          25           5   654.55210845189197     
          25           6   670.46118487173510     
          25           7   685.46116743225002     
          25           8   699.55205629137151     
          25           9   712.73385163232160     
          25          10   725.00655366195110     
          25          11   736.37016260886492     
          25          12   746.82467872135362     
          25          13   756.37010226514292     
          25          14   765.00643352098928     
          25          15   772.73367278213505     
          25          16   779.55182035165535     
          25          17   785.46087653971063     
          25          18   790.46084166074058     
          25          19   794.55171603061422     
          25          20   797.73349996377056     
          25          21   800.00619377037117     
          25          22   801.36979775349027     
          25          23   801.82431220637045     
          25          24   801.36973740976816     
          25          25   800.00607362940946     
          25          26   797.73332111358422     
          25          27   794.55148009089794     
          25          28   790.46055076820141     
          25          29   785.46053332871622     
          25          30   779.55142793037771     
          25          31   772.73323470440198     
          25          32   765.00595375410046     
          25          33   756.36958515394167     
          25          34   746.82412894887898     
          26           1   534.09786692564956     
          26           2   553.64331981149553     
          26           3   572.27967848406445     
          26           4   590.00694298830808     
          26           5   606.82511339869632     
          26           6   622.73418981853933     
          26           7   637.73417237905437     
          26           8   651.82506123817564     
          26           9   665.00685657912595     
          26          10   677.27955860875522     
          26          11   688.64316755566915     
          26          12   699.09768366815774     
          26          13   708.64310721194727     
          26          14   717.27943846779340     
          26          15   725.00667772893939     
          26          16   731.82482529845947     
          26          17   737.73388148651497     
          26          18   742.73384660754482     
          26          19   746.82472097741845     
          26          20   750.00650491057490     
          26          21   752.27919871717540     
          26          22   753.64280270029417     
          26          23   754.09731715317469     
          26          24   753.64274235657251     
          26          25   752.27907857621369     
          26          26   750.00632606038846     
          26          27   746.82448503770252     
          26          28   742.73355571500554     
          26          29   737.73353827552069     
          26          30   731.82443287718172     
          26          31   725.00623965120644     
          26          32   717.27895870090458     
          26          33   708.64259010074613     
          26          34   699.09713389568321     
          27           1   487.27993635701529     
          27           2   506.82538924286189     
          27           3   525.46174791543035     
          27           4   543.18901241967433     
          27           5   560.00718283006222     
          27           6   575.91625924990535     
          27           7   590.91624181042016     
          27           8   605.00713066954177     
          27           9   618.18892601049185     
          27          10   630.46162804012135     
          27          11   641.82523698703517     
          27          12   652.27975309952376     
          27          13   661.82517664331328     
          27          14   670.46150789915953     
          27          15   678.18874716030541     
          27          16   685.00689472982549     
          27          17   690.91595091788099     
          27          18   695.91591603891084     
          27          19   700.00679040878435     
          27          20   703.18857434194103     
          27          21   705.46126814854142     
          27          22   706.82487213166053     
          27          23   707.27938658454082     
          27          24   706.82481178793842     
          27          25   705.46114800757982     
          27          26   703.18839549175459     
          27          27   700.00655446906831     
          27          28   695.91562514637178     
          27          29   690.91560770688659     
          27          30   685.00650230854797     
          27          31   678.18830908257223     
          27          32   670.46102813227071     
          27          33   661.82465953211204     
          27          34   652.27920332704934     
          28           1   441.37106799758851     
          28           2   460.91652088343466     
          28           3   479.55287955600352     
          28           4   497.28014406024715     
          28           5   514.09831447063539     
          28           6   530.00739089047829     
          28           7   545.00737345099344     
          28           8   559.09826231011471     
          28           9   572.28005765106502     
          28          10   584.55275968069429     
          28          11   595.91636862760834     
          28          12   606.37088474009693     
          28          13   615.91630828388634     
          28          14   624.55263953973258     
          28          15   632.27987880087846     
          28          16   639.09802637039854     
          28          17   645.00708255845393     
          28          18   650.00704767948378     
          28          19   654.09792204935752     
          28          20   657.27970598251386     
          28          21   659.55239978911459     
          28          22   660.91600377223347     
          28          23   661.37051822511376     
          28          24   660.91594342851158     
          28          25   659.55227964815276     
          28          26   657.27952713232753     
          28          27   654.09768610964147     
          28          28   650.00675678694472     
          28          29   645.00673934745964     
          28          30   639.09763394912090     
          28          31   632.27944072314540     
          28          32   624.55215977284365     
          28          33   615.91579117268520     
          28          34   606.37033496762228     
          29           1   396.37125983192414     
          29           2   415.91671271777062     
          29           3   434.55307139033908     
          29           4   452.28033589458312     
          29           5   469.09850630497107     
          29           6   485.00758272481426     
          29           7   500.00756528532906     
          29           8   514.09845414445067     
          29           9   527.28024948540076     
          29          10   539.55295151503014     
          29          11   550.91656046194407     
          29          12   561.37107657443266     
          29          13   570.91650011822207     
          29          14   579.55283137406832     
          29          15   587.28007063521432     
          29          16   594.09821820473439     
          29          17   600.00727439278978     
          29          18   605.00723951381974     
          29          19   609.09811388369326     
          29          20   612.27989781684983     
          29          21   614.55259162345021     
          29          22   615.91619560656920     
          29          23   616.37071005944972     
          29          24   615.91613526284732     
          29          25   614.55247148248850     
          29          26   612.27971896666349     
          29          27   609.09787794397721     
          29          28   605.00694862128057     
          29          29   600.00693118179538     
          29          30   594.09782578345676     
          29          31   587.27963255748114     
          29          32   579.55235160717962     
          29          33   570.91598300702094     
          29          34   561.37052680195825     
          30           1   352.28051012274136     
          30           2   371.82596300858751     
          30           3   390.46232168115637     
          30           4   408.18958618540006     
          30           5   425.00775659578824     
          30           6   440.91683301563125     
          30           7   455.91681557614629     
          30           8   470.00770443526767     
          30           9   483.18949977621799     
          30          10   495.46220180584726     
          30          11   506.82581075276130     
          30          12   517.28032686524966     
          30          13   526.82575040903930     
          30          14   535.46208166488543     
          30          15   543.18932092603143     
          30          16   550.00746849555139     
          30          17   555.91652468360689     
          30          18   560.91648980463674     
          30          19   565.00736417451049     
          30          20   568.18914810766682     
          30          21   570.46184191426744     
          30          22   571.82544589738632     
          30          23   572.27996035026672     
          30          24   571.82538555366443     
          30          25   570.46172177330573     
          30          26   568.18896925748049     
          30          27   565.00712823479444     
          30          28   560.91619891209757     
          30          29   555.91618147261261     
          30          30   550.00707607427375     
          30          31   543.18888284829825     
          30          32   535.46160189799662     
          30          33   526.82523329783805     
          30          34   517.27977709277525     
          31           1   309.09881742665402     
          31           2   328.64427031250051     
          31           3   347.28062898506903     
          31           4   365.00789348931301     
          31           5   381.82606389970090     
          31           6   397.73514031954426     
          31           7   412.73512288005895     
          31           8   426.82601173918056     
          31           9   440.00780708013065     
          31          10   452.28050910976015     
          31          11   463.64411805667390     
          31          12   474.09863416916266     
          31          13   483.64405771295196     
          31          14   492.28038896879832     
          31          15   500.00762822994415     
          31          16   506.82577579946434     
          31          17   512.73483198751978     
          31          18   517.73479710854963     
          31          19   521.82567147842315     
          31          20   525.00745541157971     
          31          21   527.28014921818010     
          31          22   528.64375320129909     
          31          23   529.09826765417949     
          31          24   528.64369285757721     
          31          25   527.28002907721850     
          31          26   525.00727656139327     
          31          27   521.82543553870710     
          31          28   517.73450621601046     
          31          29   512.73448877652527     
          31          30   506.82538337818664     
          31          31   500.00719015221102     
          31          32   492.27990920190950     
          31          33   483.64354060175083     
          31          34   474.09808439668814     
          32           1   266.82618060724451     
          32           2   286.37163349309060     
          32           3   305.00799216565952     
          32           4   322.73525666990315     
          32           5   339.55342708029150     
          32           6   355.46250350013435     
          32           7   370.46248606064950     
          32           8   384.55337491977070     
          32           9   397.73517026072108     
          32          10   410.00787229035029     
          32          11   421.37148123726445     
          32          12   431.82599734975281     
          32          13   441.37142089354245     
          32          14   450.00775214938847     
          32          15   457.73499141053458     
          32          16   464.55313898005460     
          32          17   470.46219516811004     
          32          18   475.46216028913989     
          32          19   479.55303465901358     
          32          20   482.73481859216997     
          32          21   485.00751239877047     
          32          22   486.37111638188941     
          32          23   486.82563083476987     
          32          24   486.37105603816758     
          32          25   485.00739225780876     
          32          26   482.73463974198364     
          32          27   479.55279871929747     
          32          28   475.46186939660072     
          32          29   470.46185195711570     
          32          30   464.55274655877685     
          32          31   457.73455333280140     
          32          32   450.00727238249976     
          32          33   441.37090378234120     
          32          34   431.82544757727840     
          33           1   225.46259884535289     
          33           2   245.00805173119943     
          33           3   263.64441040376789     
          33           4   281.37167490801193     
          33           5   298.18984531839988     
          33           6   314.09892173824312     
          33           7   329.09890429875787     
          33           8   343.18979315787948     
          33           9   356.37158849882951     
          33          10   368.64429052845901     
          33          11   380.00789947537282     
          33          12   390.46241558786159     
          33          13   400.00783913165094     
          33          14   408.64417038749718     
          33          15   416.37140964864307     
          33          16   423.18955721816326     
          33          17   429.09861340621865     
          33          18   434.09857852724849     
          33          19   438.18945289712212     
          33          20   441.37123683027858     
          33          21   443.64393063687902     
          33          22   445.00753461999801     
          33          23   445.46204907287847     
          33          24   445.00747427627618     
          33          25   443.64381049591742     
          33          26   441.37105798009225     
          33          27   438.18921695740607     
          33          28   434.09828763470932     
          33          29   429.09827019522425     
          33          30   423.18916479688556     
          33          31   416.37097157090989     
          33          32   408.64369062060842     
          33          33   400.00732202044975     
          33          34   390.46186581538700     
          34           1   185.00807164649808     
          34           2   204.55352453234420     
          34           3   223.18988320491309     
          34           4   240.91714770915672     
          34           5   257.73531811954501     
          34           6   273.64439453938792     
          34           7   288.64437709990301     
          34           8   302.73526595902428     
          34           9   315.91706129997465     
          34          10   328.18976332960386     
          34          11   339.55337227651796     
          34          12   350.00788838900638     
          34          13   359.55331193279602     
          34          14   368.18964318864209     
          34          15   375.91688244978809     
          34          16   382.73503001930817     
          34          17   388.64408620736361     
          34          18   393.64405132839346     
          34          19   397.73492569826709     
          34          20   400.91670963142349     
          34          21   403.18940343802399     
          34          22   404.55300742114298     
          34          23   405.00752187402350     
          34          24   404.55294707742109     
          34          25   403.18928329706239     
          34          26   400.91653078123716     
          34          27   397.73468975855104     
          34          28   393.64376043585423     
          34          29   388.64374299636921     
          34          30   382.73463759803042     
          34          31   375.91644437205503     
          34          32   368.18916342175328     
          34          33   359.55279482159477     
          34          34   350.00733861653197     
