   1.0000000474974513E-003   1.0000002974974870E-003
   2.0000000949949026E-003   2.0000025949975086E-003
   3.0000001424923539E-003   3.0000088925183502E-003
   4.0000001899898052E-003   4.0000211901102976E-003
   5.0000002374872565E-003   5.0000414878716374E-003
   6.0000002849847078E-003   6.0000717859646589E-003
   7.0000003324821591E-003   7.0001140846316567E-003
   8.0000003799796104E-003   8.0001703842109365E-003
   9.0000004274770617E-003   9.0002426851528185E-003
   1.0000000474974513E-002   1.0000332988035647E-002
   1.1000000522471964E-002   1.1000443293581800E-002
   1.2000000569969416E-002   1.2000575602673699E-002
   1.3000000617466867E-002   1.3000731916369825E-002
   1.4000000664964318E-002   1.4000914235920741E-002
   1.5000000712461770E-002   1.5001124562785106E-002
   1.6000000759959221E-002   1.6001364898645707E-002
   1.7000000807456672E-002   1.7001637245425482E-002
   1.8000000854954123E-002   1.8001943605303553E-002
   1.9000000902451575E-002   1.9002285980731268E-002
   2.0000000949949026E-002   2.0002666374448239E-002
   2.1000000997446477E-002   2.1003086789498387E-002
   2.2000001044943929E-002   2.2003549229245998E-002
   2.3000001092441380E-002   2.3004055697391775E-002
   2.4000001139938831E-002   2.4004608197988910E-002
   2.5000001187436283E-002   2.5005208735459142E-002
   2.6000001234933734E-002   2.6005859314608842E-002
   2.7000001282431185E-002   2.7006561940645081E-002
   2.8000001329928637E-002   2.8007318619191736E-002
   2.9000001377426088E-002   2.9008131356305575E-002
   3.0000001424923539E-002   3.0009002158492361E-002
   3.1000001472420990E-002   3.1009933032722967E-002
   3.2000001519918442E-002   3.2010925986449487E-002
   3.3000001567415893E-002   3.3011983027621372E-002
   3.4000001614913344E-002   3.4013106164701559E-002
   3.5000001662410796E-002   3.5014297406682618E-002
   3.6000001709908247E-002   3.6015558763102896E-002
   3.7000001757405698E-002   3.7016892244062703E-002
   3.8000001804903150E-002   3.8018299860240454E-002
   3.9000001852400601E-002   3.9019783622908866E-002
   4.0000001899898052E-002   4.0021345543951155E-002
   4.1000001947395504E-002   4.1022987635877230E-002
   4.2000001994892955E-002   4.2024711911839902E-002
   4.3000002042390406E-002   4.3026520385651128E-002
   4.4000002089887857E-002   4.4028415071798221E-002
   4.5000002137385309E-002   4.5030397985460109E-002
   4.6000002184882760E-002   4.6032471142523596E-002
   4.7000002232380211E-002   4.7034636559599628E-002
   4.8000002279877663E-002   4.8036896254039584E-002
   4.9000002327375114E-002   4.9039252243951545E-002
   5.0000002374872565E-002   5.0041706548216644E-002
   5.1000002422370017E-002   5.1044261186505360E-002
   5.2000002469867468E-002   5.2046918179293855E-002
   5.3000002517364919E-002   5.3049679547880327E-002
   5.4000002564862370E-002   5.4052547314401372E-002
   5.5000002612359822E-002   5.5055523501848377E-002
   5.6000002659857273E-002   5.6058610134083885E-002
   5.7000002707354724E-002   5.7061809235858012E-002
   5.8000002754852176E-002   5.8065122832824882E-002
   5.9000002802349627E-002   5.9068552951559050E-002
   6.0000002849847078E-002   6.0072101619571952E-002
   6.1000002897344530E-002   6.1075770865328401E-002
   6.2000002944841981E-002   6.2079562718263030E-002
   6.3000002992339432E-002   6.3083479208796839E-002
   6.4000003039836884E-002   6.4087522368353675E-002
   6.5000003087334335E-002   6.5091694229376815E-002
   6.6000003134831786E-002   6.6095996825345449E-002
   6.7000003182329237E-002   6.7100432190791329E-002
   6.8000003229826689E-002   6.8105002361315309E-002
   6.9000003277324140E-002   6.9109709373603972E-002
   7.0000003324821591E-002   7.0114555265446243E-002
   7.1000003372319043E-002   7.1119542075750053E-002
   7.2000003419816494E-002   7.2124671844558980E-002
   7.3000003467313945E-002   7.3129946613068972E-002
   7.4000003514811397E-002   7.4135368423645001E-002
   7.5000003562308848E-002   7.5140939319837827E-002
   7.6000003609806299E-002   7.6146661346400732E-002
   7.7000003657303751E-002   7.7152536549306261E-002
   7.8000003704801202E-002   7.8158566975763052E-002
   7.9000003752298653E-002   7.9164754674232604E-002
   8.0000003799796104E-002   8.0171101694446120E-002
   8.1000003847293556E-002   8.1177610087421373E-002
   8.2000003894791007E-002   8.2184281905479550E-002
   8.3000003942288458E-002   8.3191119202262159E-002
   8.4000003989785910E-002   8.4198124032747970E-002
   8.5000004037283361E-002   8.5205298453269920E-002
   8.6000004084780812E-002   8.6212644521532100E-002
   8.7000004132278264E-002   8.7220164296626740E-002
   8.8000004179775715E-002   8.8227859839051209E-002
   8.9000004227273166E-002   8.9235733210725074E-002
   9.0000004274770617E-002   9.0243786475007137E-002
   9.1000004322268069E-002   9.1252021696712524E-002
   9.2000004369765520E-002   9.2260440942129818E-002
   9.3000004417262971E-002   9.3269046279038190E-002
   9.4000004464760423E-002   9.4277839776724520E-002
   9.5000004512257874E-002   9.5286823506000637E-002
   9.6000004559755325E-002   9.6295999539220495E-002
   9.7000004607252777E-002   9.7305369950297468E-002
   9.8000004654750228E-002   9.8314936814721546E-002
   9.9000004702247679E-002   9.9324702209576690E-002
  0.10000000474974513       0.10033466821355812     
  0.10100000479724258       0.10134483690698967     
  0.10200000484474003       0.10235521037184121     
  0.10300000489223748       0.10336579069174599     
  0.10400000493973494       0.10437657995201811     
  0.10500000498723239       0.10538758023966999     
  0.10600000503472984       0.10639879364342984     
  0.10700000508222729       0.10741022225375924     
  0.10800000512972474       0.10842186816287062     
  0.10900000517722219       0.10943373346474491     
  0.11000000522471964       0.11044582025514912     
  0.11100000527221709       0.11145813063165400     
  0.11200000531971455       0.11247066669365170     
  0.11300000536721200       0.11348343054237355     
  0.11400000541470945       0.11449642428090767     
  0.11500000546220690       0.11550965001421691     
  0.11600000550970435       0.11652310984915652     
  0.11700000555720180       0.11753680589449207     
  0.11800000560469925       0.11855074026091729     
  0.11900000565219671       0.11956491506107199     
  0.12000000569969416       0.12057933240956001     
  0.12100000574719161       0.12159399442296716     
  0.12200000579468906       0.12260890321987929     
  0.12300000584218651       0.12362406092090027     
  0.12400000588968396       0.12463946964867012     
  0.12500000593718141       0.12565513152788313     
  0.12600000598467886       0.12667104868530596     
  0.12700000603217632       0.12768722324979589     
  0.12800000607967377       0.12870365735231901     
  0.12900000612717122       0.12972035312596847     
  0.13000000617466867       0.13073731270598285     
  0.13100000622216612       0.13175453822976443     
  0.13200000626966357       0.13277203183689756     
  0.13300000631716102       0.13378979566916716     
  0.13400000636465847       0.13480783187057707     
  0.13500000641215593       0.13582614258736858     
  0.13600000645965338       0.13684472996803901     
  0.13700000650715083       0.13786359616336022     
  0.13800000655464828       0.13888274332639725     
  0.13900000660214573       0.13990217361252694     
  0.14000000664964318       0.14092188917945667     
  0.14100000669714063       0.14194189218724304     
  0.14200000674463809       0.14296218479831074     
  0.14300000679213554       0.14398276917747124     
  0.14400000683963299       0.14500364749194175     
  0.14500000688713044       0.14602482191136407     
  0.14600000693462789       0.14704629460782356     
  0.14700000698212534       0.14806806775586812     
  0.14800000702962279       0.14909014353252720     
  0.14900000707712024       0.15011252411733092     
  0.15000000712461770       0.15113521169232919     
  0.15100000717211515       0.15215820844211081     
  0.15200000721961260       0.15318151655382273     
  0.15300000726711005       0.15420513821718931     
  0.15400000731460750       0.15522907562453164     
  0.15500000736210495       0.15625333097078684     
  0.15600000740960240       0.15727790645352743     
  0.15700000745709985       0.15830280427298088     
  0.15800000750459731       0.15932802663204901     
  0.15900000755209476       0.16035357573632755     
  0.16000000759959221       0.16137945379412574     
  0.16100000764708966       0.16240566301648593     
  0.16200000769458711       0.16343220561720329     
  0.16300000774208456       0.16445908381284555     
  0.16400000778958201       0.16548629982277274     
  0.16500000783707947       0.16651385586915707     
  0.16600000788457692       0.16754175417700276     
  0.16700000793207437       0.16856999697416603     
  0.16800000797957182       0.16959858649137502     
  0.16900000802706927       0.17062752496224989     
  0.17000000807456672       0.17165681462332286     
  0.17100000812206417       0.17268645771405838     
  0.17200000816956162       0.17371645647687331     
  0.17300000821705908       0.17474681315715712     
  0.17400000826455653       0.17577753000329230     
  0.17500000831205398       0.17680860926667460     
  0.17600000835955143       0.17784005320173349     
  0.17700000840704888       0.17887186406595262     
  0.17800000845454633       0.17990404411989033     
  0.17900000850204378       0.18093659562720021     
  0.18000000854954123       0.18196952085465179     
  0.18100000859703869       0.18300282207215116     
  0.18200000864453614       0.18403650155276169     
  0.18300000869203359       0.18507056157272492     
  0.18400000873953104       0.18610500441148137     
  0.18500000878702849       0.18713983235169143     
  0.18600000883452594       0.18817504767925636     
  0.18700000888202339       0.18921065268333934     
  0.18800000892952085       0.19024664965638652     
  0.18900000897701830       0.19128304089414822     
  0.19000000902451575       0.19231982869570011     
  0.19100000907201320       0.19335701536346447     
  0.19200000911951065       0.19439460320323160     
  0.19300000916700810       0.19543259452418107     
  0.19400000921450555       0.19647099163890336     
  0.19500000926200300       0.19750979686342121     
  0.19600000930950046       0.19854901251721133     
  0.19700000935699791       0.19958864092322598     
  0.19800000940449536       0.20062868440791468     
  0.19900000945199281       0.20166914530124602     
  0.20000000949949026       0.20271002593672949     
  0.20100000954698771       0.20375132865143733     
  0.20200000959448516       0.20479305578602658     
  0.20300000964198261       0.20583520968476104     
  0.20400000968948007       0.20687779269553344     
  0.20500000973697752       0.20792080716988753     
  0.20600000978447497       0.20896425546304043     
  0.20700000983197242       0.21000813993390480     
  0.20800000987946987       0.21105246294511129     
  0.20900000992696732       0.21209722686303101     
  0.21000000997446477       0.21314243405779792     
  0.21100001002196223       0.21418808690333158     
  0.21200001006945968       0.21523418777735961     
  0.21300001011695713       0.21628073906144057     
  0.21400001016445458       0.21732774314098668     
  0.21500001021195203       0.21837520240528668     
  0.21600001025944948       0.21942311924752878     
  0.21700001030694693       0.22047149606482366     
  0.21800001035444438       0.22152033525822756     
  0.21900001040194184       0.22256963923276543     
  0.22000001044943929       0.22361941039745414     
  0.22100001049693674       0.22466965116532583     
  0.22200001054443419       0.22572036395345124     
  0.22300001059193164       0.22677155118296322     
  0.22400001063942909       0.22782321527908017     
  0.22500001068692654       0.22887535867112974     
  0.22600001073442400       0.22992798379257243     
  0.22700001078192145       0.23098109308102543     
  0.22800001082941890       0.23203468897828644     
  0.22900001087691635       0.23308877393035754     
  0.23000001092441380       0.23414335038746920     
  0.23100001097191125       0.23519842080410441     
  0.23200001101940870       0.23625398763902281     
  0.23300001106690615       0.23731005335528488     
  0.23400001111440361       0.23836662042027634     
  0.23500001116190106       0.23942369130573249     
  0.23600001120939851       0.24048126848776269     
  0.23700001125689596       0.24153935444687497     
  0.23800001130439341       0.24259795166800063     
  0.23900001135189086       0.24365706264051906     
  0.24000001139938831       0.24471668985828243     
  0.24100001144688576       0.24577683581964069     
  0.24200001149438322       0.24683750302746651     
  0.24300001154188067       0.24789869398918038     
  0.24400001158937812       0.24896041121677578     
  0.24500001163687557       0.25002265722684441     
  0.24600001168437302       0.25108543454060145     
  0.24700001173187047       0.25214874568391116     
  0.24800001177936792       0.25321259318731226     
  0.24900001182686538       0.25427697958604356     
  0.25000001187436283       0.25534190742006962     
  0.25100001192186028       0.25640737923410667     
  0.25200001196935773       0.25747339757764826     
  0.25300001201685518       0.25853996500499143     
  0.25400001206435263       0.25960708407526273     
  0.25500001211185008       0.26067475735244428     
  0.25600001215934753       0.26174298740540008     
  0.25700001220684499       0.26281177680790235     
  0.25800001225434244       0.26388112813865794     
  0.25900001230183989       0.26495104398133484     
  0.26000001234933734       0.26602152692458891     
  0.26100001239683479       0.26709257956209054     
  0.26200001244433224       0.26816420449255141     
  0.26300001249182969       0.26923640431975149     
  0.26400001253932714       0.27030918165256601     
  0.26500001258682460       0.27138253910499260     
  0.26600001263432205       0.27245647929617850     
  0.26700001268181950       0.27353100485044790     
  0.26800001272931695       0.27460611839732935     
  0.26900001277681440       0.27568182257158319     
  0.27000001282431185       0.27675812001322925     
  0.27100001287180930       0.27783501336757460     
  0.27200001291930676       0.27891250528524131     
  0.27300001296680421       0.27999059842219443     
  0.27400001301430166       0.28106929543976999     
  0.27500001306179911       0.28214859900470324     
  0.27600001310929656       0.28322851178915665     
  0.27700001315679401       0.28430903647074857     
  0.27800001320429146       0.28539017573258152     
  0.27900001325178891       0.28647193226327078     
  0.28000001329928637       0.28755430875697308     
  0.28100001334678382       0.28863730791341541     
  0.28200001339428127       0.28972093243792385     
  0.28300001344177872       0.29080518504145264     
  0.28400001348927617       0.29189006844061338     
  0.28500001353677362       0.29297558535770407     
  0.28600001358427107       0.29406173852073864     
  0.28700001363176852       0.29514853066347624     
  0.28800001367926598       0.29623596452545098     
  0.28900001372676343       0.29732404285200154     
  0.29000001377426088       0.29841276839430092     
  0.29100001382175833       0.29950214390938651     
  0.29200001386925578       0.30059217216019002     
  0.29300001391675323       0.30168285591556759     
  0.29400001396425068       0.30277419795033028     
  0.29500001401174814       0.30386620104527418     
  0.29600001405924559       0.30495886798721117     
  0.29700001410674304       0.30605220156899943     
  0.29800001415424049       0.30714620458957426     
  0.29900001420173794       0.30824087985397886     
  0.30000001424923539       0.30933623017339545     
  0.30100001429673284       0.31043225836517635     
  0.30200001434423029       0.31152896725287521     
  0.30300001439172775       0.31262635966627850     
  0.30400001443922520       0.31372443844143683     
  0.30500001448672265       0.31482320642069672     
  0.30600001453422010       0.31592266645273237     
  0.30700001458171755       0.31702282139257748     
  0.30800001462921500       0.31812367410165726     
  0.30900001467671245       0.31922522744782061     
  0.31000001472420990       0.32032748430537250     
  0.31100001477170736       0.32143044755510619     
  0.31200001481920481       0.32253412008433585     
  0.31300001486670226       0.32363850478692935     
  0.31400001491419971       0.32474360456334095     
  0.31500001496169716       0.32584942232064423     
  0.31600001500919461       0.32695596097256530     
  0.31700001505669206       0.32806322343951588     
  0.31800001510418952       0.32917121264862675     
  0.31900001515168697       0.33027993153378127     
  0.32000001519918442       0.33138938303564885     
  0.32100001524668187       0.33249957010171888     
  0.32200001529417932       0.33361049568633466     
  0.32300001534167677       0.33472216275072741     
  0.32400001538917422       0.33583457426305047     
  0.32500001543667167       0.33694773319841359     
  0.32600001548416913       0.33806164253891752     
  0.32700001553166658       0.33917630527368858     
  0.32800001557916403       0.34029172439891353     
  0.32900001562666148       0.34140790291787443     
  0.33000001567415893       0.34252484384098364     
  0.33100001572165638       0.34364255018581930     
  0.33200001576915383       0.34476102497716038     
  0.33300001581665128       0.34588027124702247     
  0.33400001586414874       0.34700029203469335     
  0.33500001591164619       0.34812109038676881     
  0.33600001595914364       0.34924266935718867     
  0.33700001600664109       0.35036503200727298     
  0.33800001605413854       0.35148818140575816     
  0.33900001610163599       0.35261212062883368     
  0.34000001614913344       0.35373685276017841     
  0.34100001619663090       0.35486238089099759     
  0.34200001624412835       0.35598870812005967     
  0.34300001629162580       0.35711583755373350     
  0.34400001633912325       0.35824377230602539     
  0.34500001638662070       0.35937251549861671     
  0.34600001643411815       0.36050207026090142     
  0.34700001648161560       0.36163243973002379     
  0.34800001652911305       0.36276362705091625     
  0.34900001657661051       0.36389563537633762     
  0.35000001662410796       0.36502846786691118     
  0.35100001667160541       0.36616212769116324     
  0.35200001671910286       0.36729661802556157     
  0.35300001676660031       0.36843194205455426     
  0.35400001681409776       0.36956810297060860     
  0.35500001686159521       0.37070510397425022     
  0.35600001690909266       0.37184294827410230     
  0.35700001695659012       0.37298163908692500     
  0.35800001700408757       0.37412117963765523     
  0.35900001705158502       0.37526157315944625     
  0.36000001709908247       0.37640282289370780     
  0.36100001714657992       0.37754493209014611     
  0.36200001719407737       0.37868790400680441     
  0.36300001724157482       0.37983174191010333     
  0.36400001728907228       0.38097644907488160     
  0.36500001733656973       0.38212202878443702     
  0.36600001738406718       0.38326848433056743     
  0.36700001743156463       0.38441581901361199     
  0.36800001747906208       0.38556403614249274     
  0.36900001752655953       0.38671313903475601     
  0.37000001757405698       0.38786313101661446     
  0.37100001762155443       0.38901401542298897     
  0.37200001766905189       0.39016579559755082     
  0.37300001771654934       0.39131847489276422     
  0.37400001776404679       0.39247205666992874     
  0.37500001781154424       0.39362654429922223     
  0.37600001785904169       0.39478194115974369     
  0.37700001790653914       0.39593825063955651     
  0.37800001795403659       0.39709547613573193     
  0.37900001800153404       0.39825362105439244     
  0.38000001804903150       0.39941268881075565     
  0.38100001809652895       0.40057268282917835     
  0.38200001814402640       0.40173360654320062     
  0.38300001819152385       0.40289546339559024     
  0.38400001823902130       0.40405825683838725     
  0.38500001828651875       0.40522199033294881     
  0.38600001833401620       0.40638666734999418     
  0.38700001838151366       0.40755229136965004     
  0.38800001842901111       0.40871886588149575     
  0.38900001847650856       0.40988639438460922     
  0.39000001852400601       0.41105488038761268     
  0.39100001857150346       0.41222432740871867     
  0.39200001861900091       0.41339473897577644     
  0.39300001866649836       0.41456611862631854     
  0.39400001871399581       0.41573846990760743     
  0.39500001876149327       0.41691179637668246     
  0.39600001880899072       0.41808610160040716     
  0.39700001885648817       0.41926138915551647     
  0.39800001890398562       0.42043766262866450     
  0.39900001895148307       0.42161492561647246     
  0.40000001899898052       0.42279318172557651     
  0.40100001904647797       0.42397243457267625     
  0.40200001909397542       0.42515268778458332     
  0.40300001914147288       0.42633394499827004     
  0.40400001918897033       0.42751620986091848     
  0.40500001923646778       0.42869948602996971     
  0.40600001928396523       0.42988377717317328     
  0.40700001933146268       0.43106908696863694     
  0.40800001937896013       0.43225541910487669     
  0.40900001942645758       0.43344277728086689     
  0.41000001947395504       0.43463116520609074     
  0.41100001952145249       0.43582058660059092     
  0.41200001956894994       0.43701104519502065     
  0.41300001961644739       0.43820254473069481     
  0.41400001966394484       0.43939508895964136     
  0.41500001971144229       0.44058868164465298     
  0.41600001975893974       0.44178332655933922     
  0.41700001980643719       0.44297902748817847     
  0.41800001985393465       0.44417578822657050     
  0.41900001990143210       0.44537361258088914     
  0.42000001994892955       0.44657250436853535     
  0.42100001999642700       0.44777246741799021     
  0.42200002004392445       0.44897350556886867     
  0.42300002009142190       0.45017562267197320     
  0.42400002013891935       0.45137882258934769     
  0.42500002018641680       0.45258310919433192     
  0.42600002023391426       0.45378848637161601     
  0.42700002028141171       0.45499495801729523     
  0.42800002032890916       0.45620252803892519     
  0.42900002037640661       0.45741120035557709     
  0.43000002042390406       0.45862097889789338     
  0.43100002047140151       0.45983186760814382     
  0.43200002051889896       0.46104387044028150     
  0.43300002056639642       0.46225699135999937     
  0.43400002061389387       0.46347123434478710     
  0.43500002066139132       0.46468660338398804     
  0.43600002070888877       0.46590310247885652     
  0.43700002075638622       0.46712073564261558     
  0.43800002080388367       0.46833950690051479     
  0.43900002085138112       0.46955942028988845     
  0.44000002089887857       0.47078047986021415     
  0.44100002094637603       0.47200268967317155     
  0.44200002099387348       0.47322605380270144     
  0.44300002104137093       0.47445057633506510     
  0.44400002108886838       0.47567626136890406     
  0.44500002113636583       0.47690311301530008     
  0.44600002118386328       0.47813113539783531     
  0.44700002123136073       0.47936033265265315     
  0.44800002127885818       0.48059070892851891     
  0.44900002132635564       0.48182226838688119     
  0.45000002137385309       0.48305501520193339     
  0.45100002142135054       0.48428895356067553     
  0.45200002146884799       0.48552408766297639     
  0.45300002151634544       0.48676042172163603     
  0.45400002156384289       0.48799795996244860     
  0.45500002161134034       0.48923670662426555     
  0.45600002165883780       0.49047666595905892     
  0.45700002170633525       0.49171784223198528     
  0.45800002175383270       0.49296023972144970     
  0.45900002180133015       0.49420386271917033     
  0.46000002184882760       0.49544871553024300     
  0.46100002189632505       0.49669480247320658     
  0.46200002194382250       0.49794212788010822     
  0.46300002199131995       0.49919069609656919     
  0.46400002203881741       0.50044051148185109     
  0.46500002208631486       0.50169157840892231     
  0.46600002213381231       0.50294390126452471     
  0.46700002218130976       0.50419748444924095     
  0.46800002222880721       0.50545233237756193     
  0.46900002227630466       0.50670844947795479     
  0.47000002232380211       0.50796584019293101     
  0.47100002237129956       0.50922450897911498     
  0.47200002241879702       0.51048446030731309     
  0.47300002246629447       0.51174569866258302     
  0.47400002251379192       0.51300822854430317     
  0.47500002256128937       0.51427205446624313     
  0.47600002260878682       0.51553718095663370     
  0.47700002265628427       0.51680361255823792     
  0.47800002270378172       0.51807135382842229     
  0.47900002275127918       0.51934040933922798     
  0.48000002279877663       0.52061078367744307     
  0.48100002284627408       0.52188248144467464     
  0.48200002289377153       0.52315550725742166     
  0.48300002294126898       0.52442986574714801     
  0.48400002298876643       0.52570556156035564     
  0.48500002303626388       0.52698259935865899     
  0.48600002308376133       0.52826098381885878     
  0.48700002313125879       0.52954071963301685     
  0.48800002317875624       0.53082181150853114     
  0.48900002322625369       0.53210426416821111     
  0.49000002327375114       0.53338808235035373     
  0.49100002332124859       0.53467327080881977     
  0.49200002336874604       0.53595983431311023     
  0.49300002341624349       0.53724777764844367     
  0.49400002346374094       0.53853710561583346     
  0.49500002351123840       0.53982782303216603     
  0.49600002355873585       0.54111993473027908     
  0.49700002360623330       0.54241344555904014     
  0.49800002365373075       0.54370836038342618     
  0.49900002370122820       0.54500468408460279     
  0.50000002374872565       0.54630242156000453     
  0.50100002379622310       0.54760157772341544     
  0.50200002384372056       0.54890215750504978     
  0.50300002389121801       0.55020416585163356     
  0.50400002393871546       0.55150760772648633     
  0.50500002398621291       0.55281248810960337     
  0.50600002403371036       0.55411881199773860     
  0.50700002408120781       0.55542658440448744     
  0.50800002412870526       0.55673581036037079     
  0.50900002417620271       0.55804649491291891     
  0.51000002422370017       0.55935864312675598     
  0.51100002427119762       0.56067226008368520     
  0.51200002431869507       0.56198735088277418     
  0.51300002436619252       0.56330392064044099     
  0.51400002441368997       0.56462197449054052     
  0.51500002446118742       0.56594151758445155     
  0.51600002450868487       0.56726255509116386     
  0.51700002455618232       0.56858509219736642     
  0.51800002460367978       0.56990913410753541     
  0.51900002465117723       0.57123468604402350     
  0.52000002469867468       0.57256175324714875     
  0.52100002474617213       0.57389034097528491     
  0.52200002479366958       0.57522045450495152     
  0.52300002484116703       0.57655209913090466     
  0.52400002488866448       0.57788528016622853     
  0.52500002493616194       0.57922000294242726     
  0.52600002498365939       0.58055627280951738     
  0.52700002503115684       0.58189409513612056     
  0.52800002507865429       0.58323347530955716     
  0.52900002512615174       0.58457441873594018     
  0.53000002517364919       0.58591693084026975     
  0.53100002522114664       0.58726101706652800     
  0.53200002526864409       0.58860668287777507     
  0.53300002531614155       0.58995393375624450     
  0.53400002536363900       0.59130277520344066     
  0.53500002541113645       0.59265321274023519     
  0.53600002545863390       0.59400525190696540     
  0.53700002550613135       0.59535889826353205     
  0.53800002555362880       0.59671415738949862     
  0.53900002560112625       0.59807103488419044     
  0.54000002564862370       0.59942953636679475     
  0.54100002569612116       0.60078966747646123     
  0.54200002574361861       0.60215143387240333     
  0.54300002579111606       0.60351484123399968     
  0.54400002583861351       0.60487989526089669     
  0.54500002588611096       0.60624660167311117     
  0.54600002593360841       0.60761496621113387     
  0.54700002598110586       0.60898499463603362     
  0.54800002602860332       0.61035669272956194     
  0.54900002607610077       0.61173006629425830     
  0.55000002612359822       0.61310512115355598     
  0.55100002617109567       0.61448186315188857     
  0.55200002621859312       0.61586029815479715     
  0.55300002626609057       0.61724043204903778     
  0.55400002631358802       0.61862227074269016     
  0.55500002636108547       0.62000582016526640     
  0.55600002640858293       0.62139108626782047     
  0.55700002645608038       0.62277807502305882     
  0.55800002650357783       0.62416679242545103     
  0.55900002655107528       0.62555724449134131     
  0.56000002659857273       0.62694943725906083     
  0.56100002664607018       0.62834337678904040     
  0.56200002669356763       0.62973906916392397     
  0.56300002674106508       0.63113652048868296     
  0.56400002678856254       0.63253573689073084     
  0.56500002683605999       0.63393672452003891     
  0.56600002688355744       0.63533948954925235     
  0.56700002693105489       0.63674403817380687     
  0.56800002697855234       0.63815037661204654     
  0.56900002702604979       0.63955851110534190     
  0.57000002707354724       0.64096844791820906     
  0.57100002712104470       0.64238019333842922     
  0.57200002716854215       0.64379375367716885     
  0.57300002721603960       0.64520913526910106     
  0.57400002726353705       0.64662634447252720     
  0.57500002731103450       0.64804538766949948     
  0.57600002735853195       0.64946627126594392     
  0.57700002740602940       0.65088900169178476     
  0.57800002745352685       0.65231358540106887     
  0.57900002750102431       0.65374002887209115     
  0.58000002754852176       0.65516833860752088     
  0.58100002759601921       0.65659852113452855     
  0.58200002764351666       0.65803058300491379     
  0.58300002769101411       0.65946453079523348     
  0.58400002773851156       0.66090037110693123     
  0.58500002778600901       0.66233811056646741     
  0.58600002783350646       0.66377775582544984     
  0.58700002788100392       0.66521931356076558     
  0.58800002792850137       0.66666279047471289     
  0.58900002797599882       0.66810819329513493     
  0.59000002802349627       0.66955552877555335     
  0.59100002807099372       0.67100480369530313     
  0.59200002811849117       0.67245602485966849     
  0.59300002816598862       0.67390919910001901     
  0.59400002821348608       0.67536433327394685     
  0.59500002826098353       0.67682143426540509     
  0.59600002830848098       0.67828050898484649     
  0.59700002835597843       0.67974156436936328     
  0.59800002840347588       0.68120460738282784     
  0.59900002845097333       0.68266964501603422     
  0.60000002849847078       0.68413668428684016     
  0.60100002854596823       0.68560573224031085     
  0.60200002859346569       0.68707679594886251     
  0.60300002864096314       0.68854988251240767     
  0.60400002868846059       0.69002499905850101     
  0.60500002873595804       0.69150215274248594     
  0.60600002878345549       0.69298135074764244     
  0.60700002883095294       0.69446260028533557     
  0.60800002887845039       0.69594590859516503     
  0.60900002892594784       0.69743128294511525     
  0.61000002897344530       0.69891873063170729     
  0.61100002902094275       0.70040825898015069     
  0.61200002906844020       0.70189987534449672     
  0.61300002911593765       0.70339358710779265     
  0.61400002916343510       0.70488940168223690     
  0.61500002921093255       0.70638732650933500     
  0.61600002925843000       0.70788736906005689     
  0.61700002930592746       0.70938953683499451     
  0.61800002935342491       0.71089383736452127     
  0.61900002940092236       0.71240027820895191     
  0.62000002944841981       0.71390886695870348     
  0.62100002949591726       0.71541961123445719     
  0.62200002954341471       0.71693251868732188     
  0.62300002959091216       0.71844759699899763     
  0.62400002963840961       0.71996485388194109     
  0.62500002968590707       0.72148429707953154     
  0.62600002973340452       0.72300593436623806     
  0.62700002978090197       0.72452977354778780     
  0.62800002982839942       0.72605582246133504     
  0.62900002987589687       0.72758408897563198     
  0.63000002992339432       0.72911458099119975     
  0.63100002997089177       0.73064730644050102     
  0.63200003001838923       0.73218227328811369     
  0.63300003006588668       0.73371948953090560     
  0.63400003011338413       0.73525896319821027     
  0.63500003016088158       0.73680070235200390     
  0.63600003020837903       0.73834471508708333     
  0.63700003025587648       0.73989100953124520     
  0.63800003030337393       0.74143959384546665     
  0.63900003035087138       0.74299047622408620     
  0.64000003039836884       0.74454366489498691     
  0.64100003044586629       0.74609916811977994     
  0.64200003049336374       0.74765699419398968     
  0.64300003054086119       0.74921715144723977     
  0.64400003058835864       0.75077964824344068     
  0.64500003063585609       0.75234449298097805     
  0.64600003068335354       0.75391169409290260     
  0.64700003073085099       0.75548126004712113     
  0.64800003077834845       0.75705319934658899     
  0.64900003082584590       0.75862752052950322     
  0.65000003087334335       0.76020423216949740     
  0.65100003092084080       0.76178334287583771     
  0.65200003096833825       0.76336486129362024     
  0.65300003101583570       0.76494879610396960     
  0.65400003106333315       0.76653515602423838     
  0.65500003111083061       0.76812394980820886     
  0.65600003115832806       0.76971518624629498     
  0.65700003120582551       0.77130887416574634     
  0.65800003125332296       0.77290502243085324     
  0.65900003130082041       0.77450363994315330     
  0.66000003134831786       0.77610473564163895     
  0.66100003139581531       0.77770831850296684     
  0.66200003144331276       0.77931439754166820     
  0.66300003149081022       0.78092298181036091     
  0.66400003153830767       0.78253408039996253     
  0.66500003158580512       0.78414770243990539     
  0.66600003163330257       0.78576385709835239     
  0.66700003168080002       0.78738255358241482     
  0.66800003172829747       0.78900380113837099     
  0.66900003177579492       0.79062760905188689     
  0.67000003182329237       0.79225398664823810     
  0.67100003187078983       0.79388294329253317     
  0.67200003191828728       0.79551448838993821     
  0.67300003196578473       0.79714863138590364     
  0.67400003201328218       0.79878538176639158     
  0.67500003206077963       0.80042474905810546     
  0.67600003210827708       0.80206674282872104     
  0.67700003215577453       0.80371137268711845     
  0.67800003220327199       0.80535864828361647     
  0.67900003225076944       0.80700857931020809     
  0.68000003229826689       0.80866117550079741     
  0.68100003234576434       0.81031644663143854     
  0.68200003239326179       0.81197440252057573     
  0.68300003244075924       0.81363505302928574     
  0.68400003248825669       0.81529840806152076     
  0.68500003253575414       0.81696447756435420     
  0.68600003258325160       0.81863327152822707     
  0.68700003263074905       0.82030479998719685     
  0.68800003267824650       0.82197907301918749     
  0.68900003272574395       0.82365610074624140     
  0.69000003277324140       0.82533589333477309     
  0.69100003282073885       0.82701846099582421     
  0.69200003286823630       0.82870381398532111     
  0.69300003291573375       0.83039196260433312     
  0.69400003296323121       0.83208291719933358     
  0.69500003301072866       0.83377668816246175     
  0.69600003305822611       0.83547328593178727     
  0.69700003310572356       0.83717272099157602     
  0.69800003315322101       0.83887500387255776     
  0.69900003320071846       0.84058014515219581     
  0.70000003324821591       0.84228815545495850     
  0.70100003329571337       0.84399904545259263     
  0.70200003334321082       0.84571282586439822     
  0.70300003339070827       0.84742950745750611     
  0.70400003343820572       0.84914910104715668     
  0.70500003348570317       0.85087161749698059     
  0.70600003353320062       0.85259706771928201     
  0.70700003358069807       0.85432546267532328     
  0.70800003362819552       0.85605681337561146     
  0.70900003367569298       0.85779113088018755     
  0.71000003372319043       0.85952842629891679     
  0.71100003377068788       0.86126871079178191     
  0.71200003381818533       0.86301199556917763     
  0.71300003386568278       0.86475829189220765     
  0.71400003391318023       0.86650761107298357     
  0.71500003396067768       0.86825996447492615     
  0.71600003400817513       0.87001536351306807     
  0.71700003405567259       0.87177381965435963     
  0.71800003410317004       0.87353534441797587     
  0.71900003415066749       0.87529994937562605     
  0.72000003419816494       0.87706764615186583     
  0.72100003424566239       0.87883844642441089     
  0.72200003429315984       0.88061236192445291     
  0.72300003434065729       0.88238940443697844     
  0.72400003438815475       0.88416958580108895     
  0.72500003443565220       0.88595291791032438     
  0.72600003448314965       0.88773941271298762     
  0.72700003453064710       0.88952908221247240     
  0.72800003457814455       0.89132193846759322     
  0.72900003462564200       0.89311799359291699     
  0.73000003467313945       0.89491725975909797     
  0.73100003472063690       0.89671974919321451     
  0.73200003476813436       0.89852547417910833     
  0.73300003481563181       0.90033444705772625     
  0.73400003486312926       0.90214668022746436     
  0.73500003491062671       0.90396218614451462     
  0.73600003495812416       0.90578097732321394     
  0.73700003500562161       0.90760306633639587     
  0.73800003505311906       0.90942846581574444     
  0.73900003510061651       0.91125718845215131     
  0.74000003514811397       0.91308924699607452     
  0.74100003519561142       0.91492465425790082     
  0.74200003524310887       0.91676342310830961     
  0.74300003529060632       0.91860556647864033     
  0.74400003533810377       0.92045109736126218     
  0.74500003538560122       0.92230002880994644     
  0.74600003543309867       0.92415237394024163     
  0.74700003548059613       0.92600814592985126     
  0.74800003552809358       0.92786735801901454     
  0.74900003557559103       0.92973002351088962     
  0.75000003562308848       0.93159615577193988     
  0.75100003567058593       0.93346576823232275     
  0.75200003571808338       0.93533887438628160     
  0.75300003576558083       0.93721548779254038     
  0.75400003581307828       0.93909562207470121     
  0.75500003586057574       0.94097929092164478     
  0.75600003590807319       0.94286650808793404     
  0.75700003595557064       0.94475728739422038     
  0.75800003600306809       0.94665164272765290     
  0.75900003605056554       0.94854958804229095     
  0.76000003609806299       0.95045113735951969     
  0.76100003614556044       0.95235630476846855     
  0.76200003619305789       0.95426510442643253     
  0.76300003624055535       0.95617755055929743     
  0.76400003628805280       0.95809365746196740     
  0.76500003633555025       0.96001343949879614     
  0.76600003638304770       0.96193691110402113     
  0.76700003643054515       0.96386408678220115     
  0.76800003647804260       0.96579498110865702     
  0.76900003652554005       0.96772960872991565     
  0.77000003657303751       0.96966798436415758     
  0.77100003662053496       0.97161012280166736     
  0.77200003666803241       0.97355603890528819     
  0.77300003671552986       0.97550574761087883     
  0.77400003676302731       0.97745926392777494     
  0.77500003681052476       0.97941660293925337     
  0.77600003685802221       0.98137777980300023     
  0.77700003690551966       0.98334280975158206     
  0.77800003695301712       0.98531170809292101     
  0.77900003700051457       0.98728449021077336     
  0.78000003704801202       0.98926117156521198     
  0.78100003709550947       0.99124176769311179     
  0.78200003714300692       0.99322629420863962     
  0.78300003719050437       0.99521476680374754     
  0.78400003723800182       0.99720720124866979     
  0.78500003728549927       0.99920361339242336     
  0.78600003733299673        1.0012040191633131     
  0.78700003738049418        1.0032084345694401     
  0.78800003742799163        1.0052168756992139     
  0.78900003747548908        1.0072293587218688     
  0.79000003752298653        1.0092458998879843     
  0.79100003757048398        1.0112665155300096     
  0.79200003761798143        1.0132912220627912     
  0.79300003766547889        1.0153200359841059     
  0.79400003771297634        1.0173529738751972     
  0.79500003776047379        1.0193900524013157     
  0.79600003780797124        1.0214312883122645     
  0.79700003785546869        1.0234766984429469     
  0.79800003790296614        1.0255262997139210     
  0.79900003795046359        1.0275801091319567     
  0.80000003799796104        1.0296381437905979     
  0.80100003804545850        1.0317004208707281     
  0.80200003809295595        1.0337669576411421     
  0.80300003814045340        1.0358377714591200     
  0.80400003818795085        1.0379128797710080     
  0.80500003823544830        1.0399923001128017     
  0.80600003828294575        1.0420760501107351     
  0.80700003833044320        1.0441641474818739     
  0.80800003837794065        1.0462566100347139     
  0.80900003842543811        1.0483534556697831     
  0.81000003847293556        1.0504547023802497     
  0.81100003852043301        1.0525603682525340     
  0.81200003856793046        1.0546704714669257     
  0.81300003861542791        1.0567850302982060     
  0.81400003866292536        1.0589040631162741     
  0.81500003871042281        1.0610275883867790     
  0.81600003875792027        1.0631556246717573     
  0.81700003880541772        1.0652881906302740     
  0.81800003885291517        1.0674253050190703     
  0.81900003890041262        1.0695669866932154     
  0.82000003894791007        1.0717132546067640     
  0.82100003899540752        1.0738641278134191     
  0.82200003904290497        1.0760196254672001     
  0.82300003909040242        1.0781797668231154     
  0.82400003913789988        1.0803445712378423     
  0.82500003918539733        1.0825140581704102     
  0.82600003923289478        1.0846882471828905     
  0.82700003928039223        1.0868671579410920     
  0.82800003932788968        1.0890508102152618     
  0.82900003937538713        1.0912392238807915     
  0.83000003942288458        1.0934324189189299     
  0.83100003947038203        1.0956304154175005     
  0.83200003951787949        1.0978332335716257     
  0.83300003956537694        1.1000408936844561     
  0.83400003961287439        1.1022534161679067     
  0.83500003966037184        1.1044708215433978     
  0.83600003970786929        1.1066931304426033     
  0.83700003975536674        1.1089203636082043     
  0.83800003980286419        1.1111525418946488     
  0.83900003985036165        1.1133896862689183     
  0.84000003989785910        1.1156318178112996     
  0.84100003994535655        1.1178789577161643     
  0.84200003999285400        1.1201311272927537     
  0.84300004004035145        1.1223883479659704     
  0.84400004008784890        1.1246506412771766     
  0.84500004013534635        1.1269180288849987     
  0.84600004018284380        1.1291905325661391     
  0.84700004023034126        1.1314681742161941     
  0.84800004027783871        1.1337509758504789     
  0.84900004032533616        1.1360389596048592     
  0.85000004037283361        1.1383321477365904     
  0.85100004042033106        1.1406305626251629     
  0.85200004046782851        1.1429342267731548     
  0.85300004051532596        1.1452431628070920     
  0.85400004056282341        1.1475573934783156     
  0.85500004061032087        1.1498769416638552     
  0.85600004065781832        1.1522018303673116     
  0.85700004070531577        1.1545320827197452     
  0.85800004075281322        1.1568677219805727     
  0.85900004080031067        1.1592087715384718     
  0.86000004084780812        1.1615552549122918     
  0.86100004089530557        1.1639071957519740     
  0.86200004094280303        1.1662646178394780     
  0.86300004099030048        1.1686275450897177     
  0.86400004103779793        1.1709960015515033     
  0.86500004108529538        1.1733700114084933     
  0.86600004113279283        1.1757495989801527     
  0.86700004118029028        1.1781347887227207     
  0.86800004122778773        1.1805256052301862     
  0.86900004127528518        1.1829220732352712     
  0.87000004132278264        1.1853242176104237     
  0.87100004137028009        1.1877320633688178     
  0.87200004141777754        1.1901456356653632     
  0.87300004146527499        1.1925649597977239     
  0.87400004151277244        1.1949900612073441     
  0.87500004156026989        1.1974209654804837     
  0.87600004160776734        1.1998576983492637     
  0.87700004165526479        1.2023002856927190     
  0.87800004170276225        1.2047487535378616     
  0.87900004175025970        1.2072031280607523     
  0.88000004179775715        1.2096634355875817     
  0.88100004184525460        1.2121297025957611     
  0.88200004189275205        1.2146019557150227     
  0.88300004194024950        1.2170802217285286     
  0.88400004198774695        1.2195645275739908     
  0.88500004203524441        1.2220549003448005     
  0.88600004208274186        1.2245513672911663     
  0.88700004213023931        1.2270539558212641     
  0.88800004217773676        1.2295626935023960     
  0.88900004222523421        1.2320776080621594     
  0.89000004227273166        1.2345987273896264     
  0.89100004232022911        1.2371260795365346     
  0.89200004236772656        1.2396596927184871     
  0.89300004241522402        1.2421995953161633     
  0.89400004246272147        1.2447458158765419     
  0.89500004251021892        1.2472983831141324     
  0.89600004255771637        1.2498573259122197     
  0.89700004260521382        1.2524226733241179     
  0.89800004265271127        1.2549944545744374     
  0.89900004270020872        1.2575726990603613     
  0.90000004274770617        1.2601574363529344     
  0.90100004279520363        1.2627486961983629     
  0.90200004284270108        1.2653465085193272     
  0.90300004289019853        1.2679509034163046     
  0.90400004293769598        1.2705619111689050     
  0.90500004298519343        1.2731795622372191     
  0.90600004303269088        1.2758038872631770     
  0.90700004308018833        1.2784349170719214     
  0.90800004312768579        1.2810726826731913     
  0.90900004317518324        1.2837172152627192     
  0.91000004322268069        1.2863685462236403     
  0.91100004327017814        1.2890267071279156     
  0.91200004331767559        1.2916917297377668     
  0.91300004336517304        1.2943636460071253     
  0.91400004341267049        1.2970424880830931     
  0.91500004346016794        1.2997282883074186     
  0.91600004350766540        1.3024210792179851     
  0.91700004355516285        1.3051208935503125     
  0.91800004360266030        1.3078277642390737     
  0.91900004365015775        1.3105417244196249     
  0.92000004369765520        1.3132628074295494     
  0.92100004374515265        1.3159910468102156     
  0.92200004379265010        1.3187264763083504     
  0.92300004384014755        1.3214691298776260     
  0.92400004388764501        1.3242190416802619     
  0.92500004393514246        1.3269762460886425     
  0.92600004398263991        1.3297407776869481     
  0.92700004403013736        1.3325126712728026     
  0.92800004407763481        1.3352919618589358     
  0.92900004412513226        1.3380786846748620     
  0.93000004417262971        1.3408728751685728     
  0.93100004422012717        1.3436745690082472     
  0.93200004426762462        1.3464838020839776     
  0.93300004431512207        1.3493006105095111     
  0.93400004436261952        1.3521250306240085     
  0.93500004441011697        1.3549570989938187     
  0.93600004445761442        1.3577968524142703     
  0.93700004450511187        1.3606443279114806     
  0.93800004455260932        1.3634995627441813     
  0.93900004460010678        1.3663625944055613     
  0.94000004464760423        1.3692334606251277     
  0.94100004469510168        1.3721121993705840     
  0.94200004474259913        1.3749988488497265     
  0.94300004479009658        1.3778934475123579     
  0.94400004483759403        1.3807960340522212     
  0.94500004488509148        1.3837066474089503     
  0.94600004493258893        1.3866253267700399     
  0.94700004498008639        1.3895521115728344     
  0.94800004502758384        1.3924870415065365     
  0.94900004507508129        1.3954301565142335     
  0.95000004512257874        1.3983814967949457     
  0.95100004517007619        1.4013411028056921     
  0.95200004521757364        1.4043090152635780     
  0.95300004526507109        1.4072852751479012     
  0.95400004531256855        1.4102699237022809     
  0.95500004536006600        1.4132630024368049     
  0.95600004540756345        1.4162645531301996     
  0.95700004545506090        1.4192746178320199     
  0.95800004550255835        1.4222932388648617     
  0.95900004555005580        1.4253204588265951     
  0.96000004559755325        1.4283563205926202     
  0.96100004564505070        1.4314008673181449     
  0.96200004569254816        1.4344541424404846     
  0.96300004574004561        1.4375161896813859     
  0.96400004578754306        1.4405870530493716     
  0.96500004583504051        1.4436667768421103     
  0.96600004588253796        1.4467554056488086     
  0.96700004593003541        1.4498529843526280     
  0.96800004597753286        1.4529595581331249     
  0.96900004602503031        1.4560751724687151     
  0.97000004607252777        1.4591998731391636     
  0.97100004612002522        1.4623337062280983     
  0.97200004616752267        1.4654767181255501     
  0.97300004621502012        1.4686289555305170     
  0.97400004626251757        1.4717904654535552     
  0.97500004631001502        1.4749612952193958     
  0.97600004635751247        1.4781414924695879     
  0.97700004640500993        1.4813311051651685     
  0.97800004645250738        1.4845301815893590     
  0.97900004650000483        1.4877387703502900     
  0.98000004654750228        1.4909569203837527     
  0.98100004659499973        1.4941846809559789     
  0.98200004664249718        1.4974221016664488     
  0.98300004668999463        1.5006692324507285     
  0.98400004673749208        1.5039261235833352     
  0.98500004678498954        1.5071928256806328     
  0.98600004683248699        1.5104693897037564     
  0.98700004687998444        1.5137558669615674     
  0.98800004692748189        1.5170523091136388     
  0.98900004697497934        1.5203587681732713     
  0.99000004702247679        1.5236752965105407     
  0.99100004706997424        1.5270019468553762     
  0.99200004711747169        1.5303387723006718     
  0.99300004716496915        1.5336858263054289     
  0.99400004721246660        1.5370431626979320     
  0.99500004725996405        1.5404108356789574     
  0.99600004730746150        1.5437888998250158     
  0.99700004735495895        1.5471774100916278     
  0.99800004740245640        1.5505764218166354     
  0.99900004744995385        1.5539859907235460     
   1.0000000474974513        1.5574061729249138     
   1.0010000475449488        1.5608370249257548     
   1.0020000475924462        1.5642786036269998     
   1.0030000476399437        1.5677309663289816     
   1.0040000476874411        1.5711941707349617     
   1.0050000477349386        1.5746682749546921     
   1.0060000477824360        1.5781533375080161     
   1.0070000478299335        1.5816494173285074     
   1.0080000478774309        1.5851565737671476     
   1.0090000479249284        1.5886748665960433     
   1.0100000479724258        1.5922043560121826     
   1.0110000480199233        1.5957451026412321     
   1.0120000480674207        1.5992971675413752     
   1.0130000481149182        1.6028606122071900     
   1.0140000481624156        1.6064354985735712     
   1.0150000482099131        1.6100218890196925     
   1.0160000482574105        1.6136198463730129     
   1.0170000483049080        1.6172294339133264     
   1.0180000483524054        1.6208507153768543     
   1.0190000483999029        1.6244837549603843     
   1.0200000484474003        1.6281286173254523     
   1.0210000484948978        1.6317853676025718     
   1.0220000485423952        1.6354540713955077     
   1.0230000485898927        1.6391347947855988     
   1.0240000486373901        1.6428276043361265     
   1.0250000486848876        1.6465325670967315     
   1.0260000487323850        1.6502497506078795     
   1.0270000487798825        1.6539792229053767     
   1.0280000488273799        1.6577210525249340     
   1.0290000488748774        1.6614753085067824     
   1.0300000489223748        1.6652420604003400     
   1.0310000489698723        1.6690213782689298     
   1.0320000490173697        1.6728133326945511     
   1.0330000490648672        1.6766179947827038     
   1.0340000491123646        1.6804354361672660     
   1.0350000491598621        1.6842657290154268     
   1.0360000492073596        1.6881089460326750     
   1.0370000492548570        1.6919651604678425     
   1.0380000493023545        1.6958344461182053     
   1.0390000493498519        1.6997168773346425     
   1.0400000493973494        1.7036125290268522     
   1.0410000494448468        1.7075214766686282     
   1.0420000494923443        1.7114437963031950     
   1.0430000495398417        1.7153795645486043     
   1.0440000495873392        1.7193288586031932     
   1.0450000496348366        1.7232917562511036     
   1.0460000496823341        1.7272683358678662     
   1.0470000497298315        1.7312586764260469     
   1.0480000497773290        1.7352628575009588     
   1.0490000498248264        1.7392809592764400     
   1.0500000498723239        1.7433130625506978     
   1.0510000499198213        1.7473592487422200     
   1.0520000499673188        1.7514195998957556     
   1.0530000500148162        1.7554941986883625     
   1.0540000500623137        1.7595831284355290     
   1.0550000501098111        1.7636864730973629     
   1.0560000501573086        1.7678043172848550     
   1.0570000502048060        1.7719367462662146     
   1.0580000502523035        1.7760838459732797     
   1.0590000502998009        1.7802457030080030     
   1.0600000503472984        1.7844224046490118     
   1.0610000503947958        1.7886140388582477     
   1.0620000504422933        1.7928206942876828     
   1.0630000504897907        1.7970424602861164     
   1.0640000505372882        1.8012794269060515     
   1.0650000505847856        1.8055316849106529     
   1.0660000506322831        1.8097993257807881     
   1.0670000506797805        1.8140824417221526     
   1.0680000507272780        1.8183811256724791     
   1.0690000507747754        1.8226954713088335     
   1.0700000508222729        1.8270255730549987     
   1.0710000508697703        1.8313715260889467     
   1.0720000509172678        1.8357334263503999     
   1.0730000509647653        1.8401113705484844     
   1.0740000510122627        1.8445054561694758     
   1.0750000510597602        1.8489157814846382     
   1.0760000511072576        1.8533424455581582     
   1.0770000511547551        1.8577855482551757     
   1.0780000512022525        1.8622451902499126     
   1.0790000512497500        1.8667214730338997     
   1.0800000512972474        1.8712144989243056     
   1.0810000513447449        1.8757243710723663     
   1.0820000513922423        1.8802511934719193     
   1.0830000514397398        1.8847950709680414     
   1.0840000514872372        1.8893561092657951     
   1.0850000515347347        1.8939344149390800     
   1.0860000515822321        1.8985300954395967     
   1.0870000516297296        1.9031432591059201     
   1.0880000516772270        1.9077740151726859     
   1.0890000517247245        1.9124224737798914     
   1.0900000517722219        1.9170887459823129     
   1.0910000518197194        1.9217729437590401     
   1.0920000518672168        1.9264751800231299     
   1.0930000519147143        1.9311955686313831     
   1.0940000519622117        1.9359342243942415     
   1.0950000520097092        1.9406912630858117     
   1.0960000520572066        1.9454668014540153     
   1.0970000521047041        1.9502609572308667     
   1.0980000521522015        1.9550738491428823     
   1.0990000521996990        1.9599055969216221     
   1.1000000522471964        1.9647563213143646     
   1.1010000522946939        1.9696261440949192     
   1.1020000523421913        1.9745151880745759     
   1.1030000523896888        1.9794235771131965     
   1.1040000524371862        1.9843514361304480     
   1.1050000524846837        1.9892988911171798     
   1.1060000525321811        1.9942660691469494     
   1.1070000525796786        1.9992530983876955     
   1.1080000526271760        2.0042601081135638     
   1.1090000526746735        2.0092872287168859     
   1.1100000527221709        2.0143345917203135     
   1.1110000527696684        2.0194023297891119     
   1.1120000528171659        2.0244905767436148     
   1.1130000528646633        2.0295994675718396     
   1.1140000529121608        2.0347291384422719     
   1.1150000529596582        2.0398797267168156     
   1.1160000530071557        2.0450513709639160     
   1.1170000530546531        2.0502442109718544     
   1.1180000531021506        2.0554583877622195     
   1.1190000531496480        2.0606940436035588     
   1.1200000531971455        2.0659513220252101     
   1.1210000532446429        2.0712303678313186     
   1.1220000532921404        2.0765313271150405     
   1.1230000533396378        2.0818543472729383     
   1.1240000533871353        2.0871995770195677     
   1.1250000534346327        2.0925671664022616     
   1.1260000534821302        2.0979572668161142     
   1.1270000535296276        2.1033700310191659     
   1.1280000535771251        2.1088056131477968     
   1.1290000536246225        2.1142641687323254     
   1.1300000536721200        2.1197458547128232     
   1.1310000537196174        2.1252508294551431     
   1.1320000537671149        2.1307792527671676     
   1.1330000538146123        2.1363312859152788     
   1.1340000538621098        2.1419070916410559     
   1.1350000539096072        2.1475068341782015     
   1.1360000539571047        2.1531306792697036     
   1.1370000540046021        2.1587787941852308     
   1.1380000540520996        2.1644513477387726     
   1.1390000540995970        2.1701485103065234     
   1.1400000541470945        2.1758704538450151     
   1.1410000541945919        2.1816173519095039     
   1.1420000542420894        2.1873893796726125     
   1.1430000542895868        2.1931867139432359     
   1.1440000543370843        2.1990095331857122     
   1.1450000543845817        2.2048580175392631     
   1.1460000544320792        2.2107323488377091     
   1.1470000544795766        2.2166327106294634     
   1.1480000545270741        2.2225592881978118     
   1.1490000545745715        2.2285122685814773     
   1.1500000546220690        2.2344918405954814     
   1.1510000546695665        2.2404981948523015     
   1.1520000547170639        2.2465315237833323     
   1.1530000547645614        2.2525920216606545     
   1.1540000548120588        2.2586798846191187     
   1.1550000548595563        2.2647953106787453     
   1.1560000549070537        2.2709384997674502     
   1.1570000549545512        2.2771096537441005     
   1.1580000550020486        2.2833089764219032     
   1.1590000550495461        2.2895366735921368     
   1.1600000550970435        2.2957929530482284     
   1.1610000551445410        2.3020780246101831     
   1.1620000551920384        2.3083921001493724     
   1.1630000552395359        2.3147353936136876     
   1.1640000552870333        2.3211081210530642     
   1.1650000553345308        2.3275105006453818     
   1.1660000553820282        2.3339427527227508     
   1.1670000554295257        2.3404050997981880     
   1.1680000554770231        2.3468977665926896     
   1.1690000555245206        2.3534209800627082     
   1.1700000555720180        2.3599749694280421     
   1.1710000556195155        2.3665599662001431     
   1.1720000556670129        2.3731762042108482     
   1.1730000557145104        2.3798239196415478     
   1.1740000557620078        2.3865033510527924     
   1.1750000558095053        2.3932147394143493     
   1.1760000558570027        2.3999583281357149     
   1.1770000559045002        2.4067343630970934     
   1.1780000559519976        2.4135430926808490     
   1.1790000559994951        2.4203847678034363     
   1.1800000560469925        2.4272596419478258     
   1.1810000560944900        2.4341679711964246     
   1.1820000561419874        2.4411100142645066     
   1.1830000561894849        2.4480860325341611     
   1.1840000562369823        2.4550962900887652     
   1.1850000562844798        2.4621410537479949     
   1.1860000563319772        2.4692205931033806     
   1.1870000563794747        2.4763351805544191     
   1.1880000564269722        2.4834850913452513     
   1.1890000564744696        2.4906706036019162     
   1.1900000565219671        2.4978919983701928     
   1.1910000565694645        2.5051495596540376     
   1.1920000566169620        2.5124435744546338     
   1.1930000566644594        2.5197743328100586     
   1.1940000567119569        2.5271421278355817     
   1.1950000567594543        2.5345472557646103     
   1.1960000568069518        2.5419900159902853     
   1.1970000568544492        2.5494707111077486     
   1.1980000569019467        2.5569896469570890     
   1.1990000569494441        2.5645471326669811     
   1.2000000569969416        2.5721434806990313     
   1.2010000570444390        2.5797790068928421     
   1.2020000570919365        2.5874540305118101     
   1.2030000571394339        2.5951688742896715     
   1.2040000571869314        2.6029238644778081     
   1.2050000572344288        2.6107193308933296     
   1.2060000572819263        2.6185556069679472     
   1.2070000573294237        2.6264330297976519     
   1.2080000573769212        2.6343519401932163     
   1.2090000574244186        2.6423126827315322     
   1.2100000574719161        2.6503156058078017     
   1.2110000575194135        2.6583610616886006     
   1.2120000575669110        2.6664494065658277     
   1.2130000576144084        2.6745810006115587     
   1.2140000576619059        2.6827562080338225     
   1.2150000577094033        2.6909753971333186     
   1.2160000577569008        2.6992389403610937     
   1.2170000578043982        2.7075472143771950     
   1.2180000578518957        2.7159006001103232     
   1.2190000578993931        2.7242994828185010     
   1.2200000579468906        2.7327442521507792     
   1.2210000579943880        2.7412353022100029     
   1.2220000580418855        2.7497730316166566     
   1.2230000580893829        2.7583578435738088     
   1.2240000581368804        2.7669901459331827     
   1.2250000581843778        2.7756703512623728     
   1.2260000582318753        2.7843988769132300     
   1.2270000582793728        2.7931761450914401     
   1.2280000583268702        2.8020025829273227     
   1.2290000583743677        2.8108786225478686     
   1.2300000584218651        2.8198047011500491     
   1.2310000584693626        2.8287812610754179     
   1.2320000585168600        2.8378087498860349     
   1.2330000585643575        2.8468876204417377     
   1.2340000586118549        2.8560183309787903     
   1.2350000586593524        2.8652013451899370     
   1.2360000587068498        2.8744371323058897     
   1.2370000587543473        2.8837261671782821     
   1.2380000588018447        2.8930689303641182     
   1.2390000588493422        2.9024659082117465     
   1.2400000588968396        2.9119175929483969     
   1.2410000589443371        2.9214244827693054     
   1.2420000589918345        2.9309870819284707     
   1.2430000590393320        2.9406059008310663     
   1.2440000590868294        2.9502814561275539     
   1.2450000591343269        2.9600142708095265     
   1.2460000591818243        2.9698048743073251     
   1.2470000592293218        2.9796538025894601     
   1.2480000592768192        2.9895615982638852     
   1.2490000593243167        2.9995288106811562     
   1.2500000593718141        3.0095559960395195     
   1.2510000594193116        3.0196437174919741     
   1.2520000594668090        3.0297925452553471     
   1.2530000595143065        3.0400030567214276     
   1.2540000595618039        3.0502758365702070     
   1.2550000596093014        3.0606114768852701     
   1.2560000596567988        3.0710105772713852     
   1.2570000597042963        3.0814737449743421     
   1.2580000597517937        3.0920015950030901     
   1.2590000597992912        3.1025947502542253     
   1.2600000598467886        3.1132538416388797     
   1.2610000598942861        3.1239795082120714     
   1.2620000599417835        3.1347723973045634     
   1.2630000599892810        3.1456331646572964     
   1.2640000600367785        3.1565624745584477     
   1.2650000600842759        3.1675609999831824     
   1.2660000601317734        3.1786294227361518     
   1.2670000601792708        3.1897684335968091     
   1.2680000602267683        3.2009787324676022     
   1.2690000602742657        3.2122610285251145     
   1.2700000603217632        3.2236160403742180     
   1.2710000603692606        3.2350444962053135     
   1.2720000604167581        3.2465471339547278     
   1.2730000604642555        3.2581247014683412     
   1.2740000605117530        3.2697779566685239     
   1.2750000605592504        3.2815076677244570     
   1.2760000606067479        3.2933146132259217     
   1.2770000606542453        3.3051995823606362     
   1.2780000607017428        3.3171633750952263     
   1.2790000607492402        3.3292068023599182     
   1.2800000607967377        3.3413306862370402     
   1.2810000608442351        3.3535358601534284     
   1.2820000608917326        3.3658231690768283     
   1.2830000609392300        3.3781934697163916     
   1.2840000609867275        3.3906476307273667     
   1.2850000610342249        3.4031865329200879     
   1.2860000610817224        3.4158110694733641     
   1.2870000611292198        3.4285221461523814     
   1.2880000611767173        3.4413206815312281     
   1.2890000612242147        3.4542076072201557     
   1.2900000612717122        3.4671838680976985     
   1.2910000613192096        3.4802504225477673     
   1.2920000613667071        3.4934082427018480     
   1.2930000614142045        3.5066583146864301     
   1.2940000614617020        3.5200016388757973     
   1.2950000615091994        3.5334392301503179     
   1.2960000615566969        3.5469721181603759     
   1.2970000616041943        3.5606013475960832     
   1.2980000616516918        3.5743279784629243     
   1.2990000616991892        3.5881530863634863     
   1.3000000617466867        3.6020777627854308     
   1.3010000617941841        3.6161031153958678     
   1.3020000618416816        3.6302302683423027     
   1.3030000618891791        3.6444603625603231     
   1.3040000619366765        3.6587945560882065     
   1.3050000619841740        3.6732340243886283     
   1.3060000620316714        3.6877799606776600     
   1.3070000620791689        3.7024335762612477     
   1.3080000621266663        3.7171961008793750     
   1.3090000621741638        3.7320687830581116     
   1.3100000622216612        3.7470528904697602     
   1.3110000622691587        3.7621497103013217     
   1.3120000623166561        3.7773605496315019     
   1.3130000623641536        3.7926867358164920     
   1.3140000624116510        3.8081296168847607     
   1.3150000624591485        3.8236905619411092     
   1.3160000625066459        3.8393709615802374     
   1.3170000625541434        3.8551722283100873     
   1.3180000626016408        3.8710957969852342     
   1.3190000626491383        3.8871431252506028     
   1.3200000626966357        3.9033156939958000     
   1.3210000627441332        3.9196150078203575     
   1.3220000627916306        3.9360425955101950     
   1.3230000628391281        3.9526000105256172     
   1.3240000628866255        3.9692888315011770     
   1.3250000629341230        3.9861106627577372     
   1.3260000629816204        4.0030671348270825     
   1.3270000630291179        4.0201599049894412     
   1.3280000630766153        4.0373906578242895     
   1.3290000631241128        4.0547611057748236     
   1.3300000631716102        4.0722729897264918     
   1.3310000632191077        4.0899280796000079     
   1.3320000632666051        4.1077281749592549     
   1.3330000633141026        4.1256751056345324     
   1.3340000633616000        4.1437707323615918     
   1.3350000634090975        4.1620169474369320     
   1.3360000634565949        4.1804156753898374     
   1.3370000635040924        4.1989688736716619     
   1.3380000635515898        4.2176785333628786     
   1.3390000635990873        4.2365466798984244     
   1.3400000636465847        4.2555753738119080     
   1.3410000636940822        4.2747667114992369     
   1.3420000637415797        4.2941228260022797     
   1.3430000637890771        4.3136458878131565     
   1.3440000638365746        4.3333381056998128     
   1.3450000638840720        4.3532017275535262     
   1.3460000639315695        4.3732390412590316     
   1.3470000639790669        4.3934523755879713     
   1.3480000640265644        4.4138441011164060     
   1.3490000640740618        4.4344166311671440     
   1.3500000641215593        4.4551724227776699     
   1.3510000641690567        4.4761139776945011     
   1.3520000642165542        4.4972438433948012     
   1.3530000642640516        4.5185646141361424     
   1.3540000643115491        4.5400789320353114     
   1.3550000643590465        4.5617894881771122     
   1.3560000644065440        4.5836990237541331     
   1.3570000644540414        4.6058103312385041     
   1.3580000645015389        4.6281262555866816     
   1.3590000645490363        4.6506496954783643     
   1.3600000645965338        4.6733836045906711     
   1.3610000646440312        4.6963309929087496     
   1.3620000646915287        4.7194949280740461     
   1.3630000647390261        4.7428785367715021     
   1.3640000647865236        4.7664850061569926     
   1.3650000648340210        4.7903175853263757     
   1.3660000648815185        4.8143795868275809     
   1.3670000649290159        4.8386743882172061     
   1.3680000649765134        4.8632054336631620     
   1.3690000650240108        4.8879762355949667     
   1.3700000650715083        4.9129903764033447     
   1.3710000651190057        4.9382515101908560     
   1.3720000651665032        4.9637633645753629     
   1.3730000652140006        4.9895297425481901     
   1.3740000652614981        5.0155545243889339     
   1.3750000653089955        5.0418416696389379     
   1.3760000653564930        5.0683952191355521     
   1.3770000654039904        5.0952192971093604     
   1.3780000654514879        5.1223181133466680     
   1.3790000654989854        5.1496959654196335     
   1.3800000655464828        5.1773572409865150     
   1.3810000655939803        5.2053064201646322     
   1.3820000656414777        5.2335480779787265     
   1.3830000656889752        5.2620868868875332     
   1.3840000657364726        5.2909276193915034     
   1.3850000657839701        5.3200751507247181     
   1.3860000658314675        5.3495344616341995     
   1.3870000658789650        5.3793106412499316     
   1.3880000659264624        5.4094088900490789     
   1.3890000659739599        5.4398345229180132     
   1.3900000660214573        5.4705929723159512     
   1.3910000660689548        5.5016897915441447     
   1.3920000661164522        5.5331306581247626     
   1.3930000661639497        5.5649213772937820     
   1.3940000662114471        5.5970678856123968     
   1.3950000662589446        5.6295762547016697     
   1.3960000663064420        5.6624526951053564     
   1.3970000663539395        5.6957035602860646     
   1.3980000664014369        5.7293353507601488     
   1.3990000664489344        5.7633547183769940     
   1.4000000664964318        5.7977684707486041     
   1.4010000665439293        5.8325835758356872     
   1.4020000665914267        5.8678071666967311     
   1.4030000666389242        5.9034465464068653     
   1.4040000666864216        5.9395091931536310     
   1.4050000667339191        5.9760027655171326     
   1.4060000667814165        6.0129351079423943     
   1.4070000668289140        6.0503142564121415     
   1.4080000668764114        6.0881484443286125     
   1.4090000669239089        6.1264461086134556     
   1.4100000669714063        6.1652158960351926     
   1.4110000670189038        6.2044666697742210     
   1.4120000670664012        6.2442075162358206     
   1.4130000671138987        6.2844477521221647     
   1.4140000671613961        6.3251969317749008     
   1.4150000672088936        6.3664648548004443     
   1.4160000672563910        6.4082615739907789     
   1.4170000673038885        6.4505974035532017     
   1.4180000673513860        6.4934829276631660     
   1.4190000673988834        6.5369290093551191     
   1.4200000674463809        6.5809467997670197     
   1.4210000674938783        6.6255477477550579     
   1.4220000675413758        6.6707436098959887     
   1.4230000675888732        6.7165464608954366     
   1.4240000676363707        6.7629687044215210     
   1.4250000676838681        6.8100230843842162     
   1.4260000677313656        6.8577226966819964     
   1.4270000677788630        6.9060810014384995     
   1.4280000678263605        6.9551118357532244     
   1.4290000678738579        7.0048294269916402     
   1.4300000679213554        7.0552484066415033     
   1.4310000679688528        7.1063838247637392     
   1.4320000680163503        7.1582511650678580     
   1.4330000680638477        7.2108663606436263     
   1.4340000681113452        7.2642458103825600     
   1.4350000681588426        7.3184063961247938     
   1.4360000682063401        7.3733655005689762     
   1.4370000682538375        7.4291410259851096     
   1.4380000683013350        7.4857514137726326     
   1.4390000683488324        7.5432156649086366     
   1.4400000683963299        7.6015533613338304     
   1.4410000684438273        7.6607846883268156     
   1.4420000684913248        7.7209304579203613     
   1.4430000685388222        7.7820121334167469     
   1.4440000685863197        7.8440518550628129     
   1.4450000686338171        7.9070724669492387     
   1.4460000686813146        7.9710975452026922     
   1.4470000687288120        8.0361514275439241     
   1.4480000687763095        8.1022592442896464     
   1.4490000688238069        8.1694469508811469     
   1.4500000688713044        8.2377413620280748     
   1.4510000689188018        8.3071701875617343     
   1.4520000689662993        8.3777620700985906     
   1.4530000690137967        8.4495466246215045     
   1.4540000690612942        8.5225544800935999     
   1.4550000691087916        8.5968173232275671     
   1.4560000691562891        8.6723679445417989     
   1.4570000692037866        8.7492402868439658     
   1.4580000692512840        8.8274694962926006     
   1.4590000692987815        8.9070919761980516     
   1.4600000693462789        8.9881454437357924     
   1.4610000693937764        9.0706689897576709     
   1.4620000694412738        9.1547031419003453     
   1.4630000694887713        9.2402899312049058     
   1.4640000695362687        9.3274729624777049     
   1.4650000695837662        9.4162974886398292     
   1.4660000696312636        9.5068104893314871     
   1.4670000696787611        9.5990607540581365     
   1.4680000697262585        9.6930989701874459     
   1.4690000697737560        9.7889778161304921     
   1.4700000698212534        9.8867520600670193     
   1.4710000698687509        9.9864786646034371     
   1.4720000699162483        10.088216897783655     
   1.4730000699637458        10.192028450907221     
   1.4740000700112432        10.297977563646766     
   1.4750000700587407        10.406131156997793     
   1.4760000701062381        10.516558974638826     
   1.4770000701537356        10.629333733329210     
   1.4780000702012330        10.744531283025832     
   1.4790000702487305        10.862230777459468     
   1.4800000702962279        10.982514855976545     
   1.4810000703437254        11.105469837523978     
   1.4820000703912228        11.231185927733634     
   1.4830000704387203        11.359757440150139     
   1.4840000704862177        11.491283032741851     
   1.4850000705337152        11.625865960940995     
   1.4860000705812126        11.763614348576430     
   1.4870000706287101        11.904641478192577     
   1.4880000706762075        12.049066102392196     
   1.4890000707237050        12.197012778000754     
   1.4900000707712024        12.348612225027948     
   1.4910000708186999        12.504001712599816     
   1.4920000708661973        12.663325474255352     
   1.4930000709136948        12.826735155247398     
   1.4940000709611923        12.994390294762384     
   1.4950000710086897        13.166458846280724     
   1.4960000710561872        13.343117739643905     
   1.4970000711036846        13.524553488780505     
   1.4980000711511821        13.710962849477175     
   1.4990000711986795        13.902553532068787     
   1.5000000712461770        14.099544974472078     
   1.5010000712936744        14.302169181608113     
   1.5020000713411719        14.510671637960945     
   1.5030000713886693        14.725312300815048     
   1.5040000714361668        14.946366682616237     
   1.5050000714836642        15.174127031926142     
   1.5060000715311617        15.408903623607902     
   1.5070000715786591        15.651026170212686     
   1.5080000716261566        15.900845368059349     
   1.5090000716736540        16.158734593243405     
   1.5100000717211515        16.425091764813288     
   1.5110000717686489        16.700341394654238     
   1.5120000718161464        16.984936846274390     
   1.5130000718636438        17.279362827754380     
   1.5140000719111413        17.584138147673471     
   1.5150000719586387        17.899818766948670     
   1.5160000720061362        18.227001184322564     
   1.5170000720536336        18.566326198835963     
   1.5180000721011311        18.918483099174377     
   1.5190000721486285        19.284214337466178     
   1.5200000721961260        19.664320754158084     
   1.5210000722436234        20.059667431272516     
   1.5220000722911209        20.471190263994743     
   1.5230000723386183        20.899903355555253     
   1.5240000723861158        21.346907358270386     
   1.5250000724336132        21.813398905008640     
   1.5260000724811107        22.300681301041617     
   1.5270000725286081        22.810176677192544     
   1.5280000725761056        23.343439842637167     
   1.5290000726236030        23.902174121187723     
   1.5300000726711005        24.488249510362209     
   1.5310000727185979        25.103723570509672     
   1.5320000727660954        25.750865534934881     
   1.5330000728135929        26.432184235478534     
   1.5340000728610903        27.150460566728370     
   1.5350000729085878        27.908785372968570     
   1.5360000729560852        28.710603844328244     
   1.5370000730035827        29.559767764553015     
   1.5380000730510801        30.460597278647178     
   1.5390000730985776        31.417954266153057     
   1.5400000731460750        32.437329944629262     
   1.5410000731935725        33.524950028379756     
   1.5420000732410699        34.687901685409791     
   1.5430000732885674        35.934287748553999     
   1.5440000733360648        37.273415253925378     
   1.5450000733835623        38.716027556577679     
   1.5460000734310597        40.274592233061767     
   1.5470000734785572        41.963661049083790     
   1.5480000735260546        43.800323928755127     
   1.5490000735735521        45.804786830669876     
   1.5500000736210495        48.001114811975853     
   1.5510000736685470        50.418198041826550     
   1.5520000737160444        53.091022784400842     
   1.5530000737635419        56.062365707221289     
   1.5540000738110393        59.385085341423711     
   1.5550000738585368        63.125270996105812     
   1.5560000739060342        67.366647393238779     
   1.5570000739535317        72.216859128599296     
   1.5580000740010291        77.816639514308179     
   1.5590000740485266        84.353530299794357     
   1.5600000740960240        92.083013401041001     
   1.5610000741435215        101.36216389240772     
   1.5620000741910189        112.70537359292149     
   1.5630000742385164        126.88097316352398     
   1.5640000742860138        145.08831214784240     
   1.5650000743335113        169.30506820438390     
   1.5660000743810087        203.02886436355453     
   1.5670000744285062        253.04459343784069     
   1.5680000744760036        334.30530151643757     
   1.5690000745235011        486.55128403301831     
