  -2.9950000000000001      -0.99997720205198792     
  -2.9900000000000002      -0.99997647373823406     
  -2.9850000000000003      -0.99997572331927886     
  -2.9800000000000004      -0.99997495016287286     
  -2.9750000000000005      -0.99997415361990249     
  -2.9700000000000006      -0.99997333302399305     
  -2.9650000000000007      -0.99997248769109648     
  -2.9600000000000009      -0.99997161691904679     
  -2.9550000000000010      -0.99997071998714337     
  -2.9500000000000011      -0.99996979615566517     
  -2.9450000000000012      -0.99996884466546554     
  -2.9400000000000013      -0.99996786473745491     
  -2.9350000000000014      -0.99996685557215581     
  -2.9300000000000015      -0.99996581634919834     
  -2.9250000000000016      -0.99996474622683396     
  -2.9200000000000017      -0.99996364434141527     
  -2.9150000000000018      -0.99996250980689128     
  -2.9100000000000019      -0.99996134171427065     
  -2.9050000000000020      -0.99996013913106518     
  -2.9000000000000021      -0.99995890110077401     
  -2.8950000000000022      -0.99995762664228505     
  -2.8900000000000023      -0.99995631474932078     
  -2.8850000000000025      -0.99995496438984111     
  -2.8800000000000026      -0.99995357450544875     
  -2.8750000000000027      -0.99995214401077870     
  -2.8700000000000028      -0.99995067179287100     
  -2.8650000000000029      -0.99994915671054141     
  -2.8600000000000030      -0.99994759759372254     
  -2.8550000000000031      -0.99994599324280986     
  -2.8500000000000032      -0.99994434242798591     
  -2.8450000000000033      -0.99994264388852583     
  -2.8400000000000034      -0.99994089633210581     
  -2.8350000000000035      -0.99993909843407069     
  -2.8300000000000036      -0.99993724883671764     
  -2.8250000000000037      -0.99993534614854185     
  -2.8200000000000038      -0.99993338894349026     
  -2.8150000000000039      -0.99993137576017810     
  -2.8100000000000041      -0.99992930510108813     
  -2.8050000000000042      -0.99992717543180099     
  -2.8000000000000043      -0.99992498518013140     
  -2.7950000000000044      -0.99992273273532650     
  -2.7900000000000045      -0.99992041644720464     
  -2.7850000000000046      -0.99991803462527606     
  -2.7800000000000047      -0.99991558553787396     
  -2.7750000000000048      -0.99991306741126018     
  -2.7700000000000049      -0.99991047842867409     
  -2.7650000000000050      -0.99990781672942752     
  -2.7600000000000051      -0.99990508040795767     
  -2.7550000000000052      -0.99990226751282740     
  -2.7500000000000053      -0.99989937604576329     
  -2.7450000000000054      -0.99989640396064261     
  -2.7400000000000055      -0.99989334916245287     
  -2.7350000000000056      -0.99989020950629148     
  -2.7300000000000058      -0.99988698279624755     
  -2.7250000000000059      -0.99988366678436669     
  -2.7200000000000060      -0.99988025916953116     
  -2.7150000000000061      -0.99987675759633854     
  -2.7100000000000062      -0.99987315965396895     
  -2.7050000000000063      -0.99986946287501799     
  -2.7000000000000064      -0.99986566473432881     
  -2.6950000000000065      -0.99986176264777060     
  -2.6900000000000066      -0.99985775397103394     
  -2.6850000000000067      -0.99985363599838639     
  -2.6800000000000068      -0.99984940596138761     
  -2.6750000000000069      -0.99984506102763004     
  -2.6700000000000070      -0.99984059829940763     
  -2.6650000000000071      -0.99983601481240747     
  -2.6600000000000072      -0.99983130753432647     
  -2.6550000000000074      -0.99982647336352237     
  -2.6500000000000075      -0.99982150912759782     
  -2.6450000000000076      -0.99981641158198109     
  -2.6400000000000077      -0.99981117740847925     
  -2.6350000000000078      -0.99980580321381796     
  -2.6300000000000079      -0.99980028552812572     
  -2.6250000000000080      -0.99979462080342607     
  -2.6200000000000081      -0.99978880541210280     
  -2.6150000000000082      -0.99978283564531167     
  -2.6100000000000083      -0.99977670771139471     
  -2.6050000000000084      -0.99977041773426711     
  -2.6000000000000085      -0.99976396175176385     
  -2.5950000000000086      -0.99975733571396808     
  -2.5900000000000087      -0.99975053548150961     
  -2.5850000000000088      -0.99974355682385030     
  -2.5800000000000090      -0.99973639541752335     
  -2.5750000000000091      -0.99972904684436226     
  -2.5700000000000092      -0.99972150658968006     
  -2.5650000000000093      -0.99971377004046036     
  -2.5600000000000094      -0.99970583248346545     
  -2.5550000000000095      -0.99969768910336909     
  -2.5500000000000096      -0.99968933498083401     
  -2.5450000000000097      -0.99968076509055281     
  -2.5400000000000098      -0.99967197429928278     
  -2.5350000000000099      -0.99966295736384703     
  -2.5300000000000100      -0.99965370892907512     
  -2.5250000000000101      -0.99964422352577609     
  -2.5200000000000102      -0.99963449556860962     
  -2.5150000000000103      -0.99962451935397523     
  -2.5100000000000104      -0.99961428905786309     
  -2.5050000000000106      -0.99960379873366279     
  -2.5000000000000107      -0.99959304230995027     
  -2.4950000000000108      -0.99958201358823551     
  -2.4900000000000109      -0.99957070624068611     
  -2.4850000000000110      -0.99955911380782292     
  -2.4800000000000111      -0.99954722969617504     
  -2.4750000000000112      -0.99953504717590569     
  -2.4700000000000113      -0.99952255937839940     
  -2.4650000000000114      -0.99950975929384323     
  -2.4600000000000115      -0.99949663976873659     
  -2.4550000000000116      -0.99948319350340320     
  -2.4500000000000117      -0.99946941304943948     
  -2.4450000000000118      -0.99945529080716755     
  -2.4400000000000119      -0.99944081902301118     
  -2.4350000000000120      -0.99942598978686725     
  -2.4300000000000122      -0.99941079502944674     
  -2.4250000000000123      -0.99939522651956214     
  -2.4200000000000124      -0.99937927586138930     
  -2.4150000000000125      -0.99936293449170777     
  -2.4100000000000126      -0.99934619367708122     
  -2.4050000000000127      -0.99932904451103122     
  -2.4000000000000128      -0.99931147791115316     
  -2.3950000000000129      -0.99929348461622269     
  -2.3900000000000130      -0.99927505518324167     
  -2.3850000000000131      -0.99925617998445904     
  -2.3800000000000132      -0.99923684920437328     
  -2.3750000000000133      -0.99921705283666951     
  -2.3700000000000134      -0.99919678068114959     
  -2.3650000000000135      -0.99917602234061220     
  -2.3600000000000136      -0.99915476721769991     
  -2.3550000000000137      -0.99913300451170906     
  -2.3500000000000139      -0.99911072321537919     
  -2.3450000000000140      -0.99908791211161796     
  -2.3400000000000141      -0.99906455977024000     
  -2.3350000000000142      -0.99904065454459523     
  -2.3300000000000143      -0.99901618456825336     
  -2.3250000000000144      -0.99899113775156878     
  -2.3200000000000145      -0.99896550177827736     
  -2.3150000000000146      -0.99893926410199929     
  -2.3100000000000147      -0.99891241194277125     
  -2.3050000000000148      -0.99888493228347319     
  -2.3000000000000149      -0.99885681186628372     
  -2.2950000000000150      -0.99882803718905022     
  -2.2900000000000151      -0.99879859450167663     
  -2.2850000000000152      -0.99876846980241196     
  -2.2800000000000153      -0.99873764883417115     
  -2.2750000000000155      -0.99870611708076396     
  -2.2700000000000156      -0.99867385976312695     
  -2.2650000000000157      -0.99864086183552203     
  -2.2600000000000158      -0.99860710798166108     
  -2.2550000000000159      -0.99857258261085935     
  -2.2500000000000160      -0.99853726985409008     
  -2.2450000000000161      -0.99850115356005520     
  -2.2400000000000162      -0.99846421729120149     
  -2.2350000000000163      -0.99842644431970817     
  -2.2300000000000164      -0.99838781762343820     
  -2.2250000000000165      -0.99834831988186346     
  -2.2200000000000166      -0.99830793347195845     
  -2.2150000000000167      -0.99826664046404989     
  -2.2100000000000168      -0.99822442261765787     
  -2.2050000000000169      -0.99818126137728280     
  -2.2000000000000171      -0.99813713786818281     
  -2.1950000000000172      -0.99809203289209736     
  -2.1900000000000173      -0.99804592692296079     
  -2.1850000000000174      -0.99799880010258479     
  -2.1800000000000175      -0.99795063223630698     
  -2.1750000000000176      -0.99790140278860706     
  -2.1700000000000177      -0.99785109087869195     
  -2.1650000000000178      -0.99779967527609026     
  -2.1600000000000179      -0.99774713439616158     
  -2.1550000000000180      -0.99769344629562162     
  -2.1500000000000181      -0.99763858866802668     
  -2.1450000000000182      -0.99758253883924908     
  -2.1400000000000183      -0.99752527376289080     
  -2.1350000000000184      -0.99746677001571549     
  -2.1300000000000185      -0.99740700379303049     
  -2.1250000000000187      -0.99734595090405964     
  -2.1200000000000188      -0.99728358676728979     
  -2.1150000000000189      -0.99721988640578552     
  -2.1100000000000190      -0.99715482444250569     
  -2.1050000000000191      -0.99708837509558079     
  -2.1000000000000192      -0.99702051217357801     
  -2.0950000000000193      -0.99695120907075818     
  -2.0900000000000194      -0.99688043876229082     
  -2.0850000000000195      -0.99680817379947295     
  -2.0800000000000196      -0.99673438630494171     
  -2.0750000000000197      -0.99665904796783189     
  -2.0700000000000198      -0.99658213003896645     
  -2.0650000000000199      -0.99650360332599253     
  -2.0600000000000200      -0.99642343818855306     
  -2.0550000000000201      -0.99634160453338738     
  -2.0500000000000203      -0.99625807180948633     
  -2.0450000000000204      -0.99617280900317862     
  -2.0400000000000205      -0.99608578463325481     
  -2.0350000000000206      -0.99599696674605631     
  -2.0300000000000207      -0.99590632291058168     
  -2.0250000000000208      -0.99581382021355547     
  -2.0200000000000209      -0.99571942525453816     
  -2.0150000000000210      -0.99562310414098187     
  -2.0100000000000211      -0.99552482248333718     
  -2.0050000000000212      -0.99542454539011682     
  -2.0000000000000213      -0.99532223746299331     
  -1.9950000000000214      -0.99521786279185909     
  -1.9900000000000215      -0.99511138494995932     
  -1.9850000000000216      -0.99500276698894519     
  -1.9800000000000217      -0.99489197143398433     
  -1.9750000000000218      -0.99477896027889423     
  -1.9700000000000220      -0.99466369498122953     
  -1.9650000000000221      -0.99454613645742829     
  -1.9600000000000222      -0.99442624507795330     
  -1.9550000000000223      -0.99430398066242842     
  -1.9500000000000224      -0.99417930247483821     
  -1.9450000000000225      -0.99405216921869355     
  -1.9400000000000226      -0.99392253903223438     
  -1.9350000000000227      -0.99379036948367094     
  -1.9300000000000228      -0.99365561756641596     
  -1.9250000000000229      -0.99351823969434971     
  -1.9200000000000230      -0.99337819169713470     
  -1.9150000000000231      -0.99323542881550997     
  -1.9100000000000232      -0.99308990569665001     
  -1.9050000000000233      -0.99294157638954983     
  -1.9000000000000234      -0.99279039434040994     
  -1.8950000000000236      -0.99263631238810601     
  -1.8900000000000237      -0.99247928275965125     
  -1.8850000000000238      -0.99231925706570456     
  -1.8800000000000239      -0.99215618629612901     
  -1.8750000000000240      -0.99199002081558996     
  -1.8700000000000241      -0.99182071035918173     
  -1.8650000000000242      -0.99164820402811149     
  -1.8600000000000243      -0.99147245028541342     
  -1.8550000000000244      -0.99129339695174068     
  -1.8500000000000245      -0.99111099120117419     
  -1.8450000000000246      -0.99092517955710469     
  -1.8400000000000247      -0.99073590788816224     
  -1.8350000000000248      -0.99054312140419076     
  -1.8300000000000249      -0.99034676465232307     
  -1.8250000000000250      -0.99014678151304436     
  -1.8200000000000252      -0.98994311519639211     
  -1.8150000000000253      -0.98973570823816381     
  -1.8100000000000254      -0.98952450249623780     
  -1.8050000000000255      -0.98930943914691927     
  -1.8000000000000256      -0.98909045868139256     
  -1.7950000000000257      -0.98886750090222553     
  -1.7900000000000258      -0.98864050491995359     
  -1.7850000000000259      -0.98840940914975417     
  -1.7800000000000260      -0.98817415130818143     
  -1.7750000000000261      -0.98793466840999633     
  -1.7700000000000262      -0.98769089676507216     
  -1.7650000000000263      -0.98744277197540564     
  -1.7600000000000264      -0.98719022893218733     
  -1.7550000000000265      -0.98693320181298949     
  -1.7500000000000266      -0.98667162407903330     
  -1.7450000000000268      -0.98640542847255797     
  -1.7400000000000269      -0.98613454701429137     
  -1.7350000000000270      -0.98585891100100798     
  -1.7300000000000271      -0.98557845100320585     
  -1.7250000000000272      -0.98529309686288225     
  -1.7200000000000273      -0.98500277769141387     
  -1.7150000000000274      -0.98470742186755766     
  -1.7100000000000275      -0.98440695703555037     
  -1.7050000000000276      -0.98410131010333202     
  -1.7000000000000277      -0.98379040724089928     
  -1.6950000000000278      -0.98347417387874814     
  -1.6900000000000279      -0.98315253470646635     
  -1.6850000000000280      -0.98282541367143972     
  -1.6800000000000281      -0.98249273397769599     
  -1.6750000000000282      -0.98215441808485882     
  -1.6700000000000284      -0.98181038770725049     
  -1.6650000000000285      -0.98146056381313285     
  -1.6600000000000286      -0.98110486662407370     
  -1.6550000000000287      -0.98074321561444811     
  -1.6500000000000288      -0.98037552951111362     
  -1.6450000000000289      -0.98000172629319271     
  -1.6400000000000290      -0.97962172319202034     
  -1.6350000000000291      -0.97923543669124746     
  -1.6300000000000292      -0.97884278252708745     
  -1.6250000000000293      -0.97844367568871193     
  -1.6200000000000294      -0.97803803041881821     
  -1.6150000000000295      -0.97762576021434877     
  -1.6100000000000296      -0.97720677782737853     
  -1.6050000000000297      -0.97678099526614615     
  -1.6000000000000298      -0.97634832379628744     
  -1.5950000000000299      -0.97590867394220215     
  -1.5900000000000301      -0.97546195548862780     
  -1.5850000000000302      -0.97500807748234664     
  -1.5800000000000303      -0.97454694823411314     
  -1.5750000000000304      -0.97407847532071778     
  -1.5700000000000305      -0.97360256558728120     
  -1.5650000000000306      -0.97311912514967169     
  -1.5600000000000307      -0.97262805939716945     
  -1.5550000000000308      -0.97212927299527063     
  -1.5500000000000309      -0.97162266988871226     
  -1.5450000000000310      -0.97110815330467559     
  -1.5400000000000311      -0.97058562575618879     
  -1.5350000000000312      -0.97005498904572396     
  -1.5300000000000313      -0.96951614426900101     
  -1.5250000000000314      -0.96896899181898022     
  -1.5200000000000315      -0.96841343139007097     
  -1.5150000000000317      -0.96784936198253346     
  -1.5100000000000318      -0.96727668190710236     
  -1.5050000000000319      -0.96669528878981259     
  -1.5000000000000320      -0.96610507957703551     
  -1.4950000000000321      -0.96550595054071586     
  -1.4900000000000322      -0.96489779728387015     
  -1.4850000000000323      -0.96428051474623677     
  -1.4800000000000324      -0.96365399721020417     
  -1.4750000000000325      -0.96301813830692495     
  -1.4700000000000326      -0.96237283102265758     
  -1.4650000000000327      -0.96171796770535523     
  -1.4600000000000328      -0.96105344007144322     
  -1.4550000000000329      -0.96037913921286289     
  -1.4500000000000330      -0.95969495560431861     
  -1.4450000000000331      -0.95900077911076476     
  -1.4400000000000333      -0.95829649899512226     
  -1.4350000000000334      -0.95758200392624049     
  -1.4300000000000335      -0.95685718198707803     
  -1.4250000000000336      -0.95612192068313018     
  -1.4200000000000337      -0.95537610695109398     
  -1.4150000000000338      -0.95461962716777005     
  -1.4100000000000339      -0.95385236715920096     
  -1.4050000000000340      -0.95307421221007282     
  -1.4000000000000341      -0.95228504707331829     
  -1.3950000000000342      -0.95148475598000948     
  -1.3900000000000343      -0.95067322264946308     
  -1.3850000000000344      -0.94985033029960531     
  -1.3800000000000345      -0.94901596165758351     
  -1.3750000000000346      -0.94816999897062126     
  -1.3700000000000347      -0.94731232401711540     
  -1.3650000000000349      -0.94644281811799691     
  -1.3600000000000350      -0.94556136214833064     
  -1.3550000000000351      -0.94466783654916608     
  -1.3500000000000352      -0.94376212133963844     
  -1.3450000000000353      -0.94284409612933184     
  -1.3400000000000354      -0.94191364013085555     
  -1.3350000000000355      -0.94097063217274390     
  -1.3300000000000356      -0.94001495071251351     
  -1.3250000000000357      -0.93904647385005391     
  -1.3200000000000358      -0.93806507934123273     
  -1.3150000000000359      -0.93707064461174161     
  -1.3100000000000360      -0.93606304677122265     
  -1.3050000000000361      -0.93504216262762907     
  -1.3000000000000362      -0.93400786870183672     
  -1.2950000000000363      -0.93296004124250631     
  -1.2900000000000365      -0.93189855624120499     
  -1.2850000000000366      -0.93082328944777148     
  -1.2800000000000367      -0.92973411638591574     
  -1.2750000000000368      -0.92863091236909290     
  -1.2700000000000369      -0.92751355251662038     
  -1.2650000000000370      -0.92638191177000551     
  -1.2600000000000371      -0.92523586490957410     
  -1.2550000000000372      -0.92407528657130400     
  -1.2500000000000373      -0.92290005126391339     
  -1.2450000000000374      -0.92171003338620050     
  -1.2400000000000375      -0.92050510724459855     
  -1.2350000000000376      -0.91928514707101394     
  -1.2300000000000377      -0.91805002704085803     
  -1.2250000000000378      -0.91679962129133341     
  -1.2200000000000379      -0.91553380393996631     
  -1.2150000000000380      -0.91425244910335812     
  -1.2100000000000382      -0.91295543091616527     
  -1.2050000000000383      -0.91164262355031678     
  -1.2000000000000384      -0.91031390123447209     
  -1.1950000000000385      -0.90896913827367110     
  -1.1900000000000386      -0.90760820906922823     
  -1.1850000000000387      -0.90623098813885172     
  -1.1800000000000388      -0.90483735013697908     
  -1.1750000000000389      -0.90342716987530680     
  -1.1700000000000390      -0.90200032234355909     
  -1.1650000000000391      -0.90055668273046474     
  -1.1600000000000392      -0.89909612644492476     
  -1.1550000000000393      -0.89761852913740048     
  -1.1500000000000394      -0.89612376672149985     
  -1.1450000000000395      -0.89461171539575857     
  -1.1400000000000396      -0.89308225166561772     
  -1.1350000000000398      -0.89153525236560427     
  -1.1300000000000399      -0.88997059468168649     
  -1.1250000000000400      -0.88838815617381706     
  -1.1200000000000401      -0.88678781479867375     
  -1.1150000000000402      -0.88516944893255700     
  -1.1100000000000403      -0.88353293739447680     
  -1.1050000000000404      -0.88187815946940928     
  -1.1000000000000405      -0.88020499493170268     
  -1.0950000000000406      -0.87851332406868354     
  -1.0900000000000407      -0.87680302770437701     
  -1.0850000000000408      -0.87507398722342122     
  -1.0800000000000409      -0.87332608459510030     
  -1.0750000000000410      -0.87155920239755480     
  -1.0700000000000411      -0.86977322384209199     
  -1.0650000000000412      -0.86796803279768275     
  -1.0600000000000414      -0.86614351381554799     
  -1.0550000000000415      -0.86429955215390741     
  -1.0500000000000416      -0.86243603380280431     
  -1.0450000000000417      -0.86055284550911404     
  -1.0400000000000418      -0.85864987480160515     
  -1.0350000000000419      -0.85672701001613494     
  -1.0300000000000420      -0.85478414032094308     
  -1.0250000000000421      -0.85282115574205408     
  -1.0200000000000422      -0.85083794718874284     
  -1.0150000000000423      -0.84883440647912634     
  -1.0100000000000424      -0.84681042636579174     
  -1.0050000000000425      -0.84476590056153489     
  -1.0000000000000426      -0.84270072376514693     
 -0.99500000000004263      -0.84061479168729225     
 -0.99000000000004262      -0.83850800107639045     
 -0.98500000000004262      -0.83638024974462510     
 -0.98000000000004261      -0.83423143659391974     
 -0.97500000000004261      -0.83206146164201722     
 -0.97000000000004261      -0.82987022604855865     
 -0.96500000000004260      -0.82765763214119958     
 -0.96000000000004260      -0.82542358344174194     
 -0.95500000000004259      -0.82316798469229180     
 -0.95000000000004259      -0.82089074188140965     
 -0.94500000000004258      -0.81859176227028319     
 -0.94000000000004258      -0.81627095441886699     
 -0.93500000000004257      -0.81392822821205102     
 -0.93000000000004257      -0.81156349488576041     
 -0.92500000000004257      -0.80917666705307967     
 -0.92000000000004256      -0.80676765873030898     
 -0.91500000000004256      -0.80433638536301066     
 -0.91000000000004255      -0.80188276385197943     
 -0.90500000000004255      -0.79940671257919194     
 -0.90000000000004254      -0.79690815143366822     
 -0.89500000000004254      -0.79438700183730449     
 -0.89000000000004253      -0.79184318677057697     
 -0.88500000000004253      -0.78927663079822785     
 -0.88000000000004253      -0.78668726009480994     
 -0.87500000000004252      -0.78407500247018214     
 -0.87000000000004252      -0.78143978739486020     
 -0.86500000000004251      -0.77878154602528860     
 -0.86000000000004251      -0.77610021122898654     
 -0.85500000000004250      -0.77339571760956682     
 -0.85000000000004250      -0.77066800153162540     
 -0.84500000000004249      -0.76791700114549299     
 -0.84000000000004249      -0.76514265641184209     
 -0.83500000000004249      -0.76234490912613206     
 -0.83000000000004248      -0.75952370294290872     
 -0.82500000000004248      -0.75667898339992468     
 -0.82000000000004247      -0.75381069794207656     
 -0.81500000000004247      -0.75091879594517397     
 -0.81000000000004246      -0.74800322873951552     
 -0.80500000000004246      -0.74506394963325129     
 -0.80000000000004245      -0.74210091393556266     
 -0.79500000000004245      -0.73911407897960835     
 -0.79000000000004245      -0.73610340414525544     
 -0.78500000000004244      -0.73306885088159190     
 -0.78000000000004244      -0.73001038272919039     
 -0.77500000000004243      -0.72692796534213522     
 -0.77000000000004243      -0.72382156650979568     
 -0.76500000000004242      -0.72069115617834667     
 -0.76000000000004242      -0.71753670647201084     
 -0.75500000000004241      -0.71435819171404946     
 -0.75000000000004241      -0.71115558844744975     
 -0.74500000000004241      -0.70792887545533822     
 -0.74000000000004240      -0.70467803378109339     
 -0.73500000000004240      -0.70140304674816201     
 -0.73000000000004239      -0.69810389997956068     
 -0.72500000000004239      -0.69478058141706178     
 -0.72000000000004238      -0.69143308134005455     
 -0.71500000000004238      -0.68806139238407416     
 -0.71000000000004237      -0.68466550955900329     
 -0.70500000000004237      -0.68124543026691564     
 -0.70000000000004237      -0.67780115431956722     
 -0.69500000000004236      -0.67433268395553847     
 -0.69000000000004236      -0.67084002385700625     
 -0.68500000000004235      -0.66732318116613787     
 -0.68000000000004235      -0.66378216550112101     
 -0.67500000000004234      -0.66021698897177861     
 -0.67000000000004234      -0.65662766619482915     
 -0.66500000000004234      -0.65301421430871553     
 -0.66000000000004233      -0.64937665298804703     
 -0.65500000000004233      -0.64571500445762098     
 -0.65000000000004232      -0.64202929350603033     
 -0.64500000000004232      -0.63831954749884512     
 -0.64000000000004231      -0.63458579639136559     
 -0.63500000000004231      -0.63082807274093067     
 -0.63000000000004230      -0.62704641171880182     
 -0.62500000000004230      -0.62324085112157357     
 -0.62000000000004230      -0.61941143138215782     
 -0.61500000000004229      -0.61555819558028335     
 -0.61000000000004229      -0.61168118945254790     
 -0.60500000000004228      -0.60778046140199138     
 -0.60000000000004228      -0.60385606250719481     
 -0.59500000000004227      -0.59990804653090102     
 -0.59000000000004227      -0.59593646992814298     
 -0.58500000000004226      -0.59194139185388717     
 -0.58000000000004226      -0.58792287417017963     
 -0.57500000000004226      -0.58388098145278733     
 -0.57000000000004225      -0.57981578099733988     
 -0.56500000000004225      -0.57572734282495930     
 -0.56000000000004224      -0.57161573968736690     
 -0.55500000000004224      -0.56748104707149549     
 -0.55000000000004223      -0.56332334320354760     
 -0.54500000000004223      -0.55914270905255503     
 -0.54000000000004222      -0.55493922833338516     
 -0.53500000000004222      -0.55071298750923248     
 -0.53000000000004222      -0.54646407579356571     
 -0.52500000000004221      -0.54219258515152013     
 -0.52000000000004221      -0.53789861030077279     
 -0.51500000000004220      -0.53358224871185012     
 -0.51000000000004220      -0.52924360060788289     
 -0.50500000000004219      -0.52488276896382791     
 -0.50000000000004219      -0.52049985950511235     
 -0.49500000000004218      -0.51609498070573823     
 -0.49000000000004218      -0.51166824378580789     
 -0.48500000000004218      -0.50721976270849911     
 -0.48000000000004217      -0.50274965417647521     
 -0.47500000000004217      -0.49825803762771942     
 -0.47000000000004216      -0.49374503523080815     
 -0.46500000000004216      -0.48921077187961481     
 -0.46000000000004215      -0.48465537518743662     
 -0.45500000000004215      -0.48007897548054901     
 -0.45000000000004214      -0.47548170579119409     
 -0.44500000000004214      -0.47086370184998516     
 -0.44000000000004214      -0.46622510207773876     
 -0.43500000000004213      -0.46156604757673148     
 -0.43000000000004213      -0.45688668212138267     
 -0.42500000000004212      -0.45218715214835564     
 -0.42000000000004212      -0.44746760674608321     
 -0.41500000000004211      -0.44272819764372218     
 -0.41000000000004211      -0.43796907919951905     
 -0.40500000000004210      -0.43319040838861517     
 -0.40000000000004210      -0.42839234479026900     
 -0.39500000000004210      -0.42357505057449774     
 -0.39000000000004209      -0.41873869048816087     
 -0.38500000000004209      -0.41388343184045984     
 -0.38000000000004208      -0.40900944448786314     
 -0.37500000000004208      -0.40411690081848123     
 -0.37000000000004207      -0.39920597573585187     
 -0.36500000000004207      -0.39427684664217438     
 -0.36000000000004206      -0.38932969342097157     
 -0.35500000000004206      -0.38436469841919746     
 -0.35000000000004206      -0.37938204642878331     
 -0.34500000000004205      -0.37438192466761977     
 -0.34000000000004205      -0.36936452275999904     
 -0.33500000000004204      -0.36433003271649678     
 -0.33000000000004204      -0.35927864891330852     
 -0.32500000000004203      -0.35421056807104284     
 -0.32000000000004203      -0.34912598923297228     
 -0.31500000000004202      -0.34402511374275024     
 -0.31000000000004202      -0.33890814522159013     
 -0.30500000000004202      -0.33377528954491742     
 -0.30000000000004201      -0.32862675481849668     
 -0.29500000000004201      -0.32346275135403907     
 -0.29000000000004200      -0.31828349164428643     
 -0.28500000000004200      -0.31308919033759919     
 -0.28000000000004199      -0.30788006421201536     
 -0.27500000000004199      -0.30265633214882948     
 -0.27000000000004198      -0.29741821510565808     
 -0.26500000000004198      -0.29216593608902469     
 -0.26000000000004198      -0.28689972012645493     
 -0.25500000000004197      -0.28161979423808936     
 -0.25000000000004197      -0.27632638740782833     
 -0.24500000000004196      -0.27101973055399808     
 -0.24000000000004196      -0.26570005649956768     
 -0.23500000000004195      -0.26036759994189868     
 -0.23000000000004195      -0.25502259742205113     
 -0.22500000000004194      -0.24966528729364634     
 -0.22000000000004194      -0.24429590969128959     
 -0.21500000000004194      -0.23891470649857063     
 -0.21000000000004193      -0.23352192131563351     
 -0.20500000000004193      -0.22811779942633811     
 -0.20000000000004192      -0.22270258776501087     
 -0.19500000000004192      -0.21727653488279408     
 -0.19000000000004191      -0.21183989091360547     
 -0.18500000000004191      -0.20639290753971229     
 -0.18000000000004190      -0.20093583795692344     
 -0.17500000000004190      -0.19546893683942024     
 -0.17000000000004190      -0.18999246030422046     
 -0.16500000000004189      -0.18450666587529049     
 -0.16000000000004189      -0.17901181244731448     
 -0.15500000000004188      -0.17350816024912744     
 -0.15000000000004188      -0.16799597080681805     
 -0.14500000000004187      -0.16247550690651691     
 -0.14000000000004187      -0.15694703255687276     
 -0.13500000000004186      -0.15141081295122522     
 -0.13000000000004186      -0.14586711442949132     
 -0.12500000000004186      -0.14031620443976400     
 -0.12000000000004185      -0.13475835149963963     
 -0.11500000000004185      -0.12919382515727965     
 -0.11000000000004184      -0.12362289595221929     
 -0.10500000000004184      -0.11804583537592896     
 -0.10000000000004183      -0.11246291583213967     
  -9.5000000000041829E-002 -0.10687441059694466     
  -9.0000000000041824E-002 -0.10128059377868169     
  -8.5000000000041820E-002  -9.5681740277610061E-002
  -8.0000000000041815E-002  -9.0078125745390980E-002
  -7.5000000000041811E-002  -8.4470026544380863E-002
  -7.0000000000041807E-002  -7.8857719706747376E-002
  -6.5000000000041802E-002  -7.3241482893419238E-002
  -6.0000000000041805E-002  -6.7621594352879802E-002
  -5.5000000000041807E-002  -6.1998332879813010E-002
  -5.0000000000041810E-002  -5.6371977773614509E-002
  -4.5000000000041812E-002  -5.0742808796776097E-002
  -4.0000000000041815E-002  -4.5111106133155020E-002
  -3.5000000000041817E-002  -3.9477150346137850E-002
  -3.0000000000041816E-002  -3.3841222336709414E-002
  -2.5000000000041815E-002  -2.8203603301438528E-002
  -2.0000000000041814E-002  -2.2564574690388185E-002
  -1.5000000000041813E-002  -1.6924418164963987E-002
  -1.0000000000041812E-002  -1.1283415555708758E-002
  -5.0000000000418121E-003  -5.6418488200552248E-003
  -4.1812039941468981E-014  -4.7179834803719080E-014
   4.9999999999581881E-003   5.6418488199608671E-003
   9.9999999999581882E-003   1.1283415555614405E-002
   1.4999999999958189E-002   1.6924418164869653E-002
   1.9999999999958190E-002   2.2564574690293857E-002
   2.4999999999958191E-002   2.8203603301344225E-002
   2.9999999999958192E-002   3.3841222336615136E-002
   3.4999999999958190E-002   3.9477150346043585E-002
   3.9999999999958187E-002   4.5111106133060783E-002
   4.4999999999958185E-002   5.0742808796681915E-002
   4.9999999999958182E-002   5.6371977773520397E-002
   5.4999999999958180E-002   6.1998332879718905E-002
   5.9999999999958177E-002   6.7621594352785752E-002
   6.4999999999958175E-002   7.3241482893325272E-002
   6.9999999999958179E-002   7.8857719706653409E-002
   7.4999999999958183E-002   8.4470026544286994E-002
   7.9999999999958188E-002   9.0078125745297125E-002
   8.4999999999958192E-002   9.5681740277516400E-002
   8.9999999999958197E-002  0.10128059377858806     
   9.4999999999958201E-002  0.10687441059685110     
   9.9999999999958206E-002  0.11246291583204629     
  0.10499999999995821       0.11804583537583549     
  0.10999999999995821       0.12362289595212610     
  0.11499999999995822       0.12919382515718650     
  0.11999999999995822       0.13475835149954651     
  0.12499999999995823       0.14031620443967111     
  0.12999999999995823       0.14586711442939856     
  0.13499999999995824       0.15141081295113265     
  0.13999999999995824       0.15694703255678039     
  0.14499999999995825       0.16247550690642454     
  0.14999999999995825       0.16799597080672568     
  0.15499999999995825       0.17350816024903526     
  0.15999999999995826       0.17901181244722247     
  0.16499999999995826       0.18450666587519862     
  0.16999999999995827       0.18999246030412867     
  0.17499999999995827       0.19546893683932887     
  0.17999999999995828       0.20093583795683220     
  0.18499999999995828       0.20639290753962081     
  0.18999999999995829       0.21183989091351457     
  0.19499999999995829       0.21727653488270332     
  0.19999999999995829       0.22270258776492050     
  0.20499999999995830       0.22811779942624755     
  0.20999999999995830       0.23352192131554322     
  0.21499999999995831       0.23891470649848037     
  0.21999999999995831       0.24429590969119924     
  0.22499999999995832       0.24966528729355697     
  0.22999999999995832       0.25502259742196132     
  0.23499999999995833       0.26036759994180914     
  0.23999999999995833       0.26570005649947881     
  0.24499999999995833       0.27101973055390888     
  0.24999999999995834       0.27632638740773979     
  0.25499999999995832       0.28161979423800154     
  0.25999999999995832       0.28689972012636616     
  0.26499999999995832       0.29216593608893621     
  0.26999999999995833       0.29741821510557043     
  0.27499999999995833       0.30265633214874182     
  0.27999999999995834       0.30788006421192843     
  0.28499999999995834       0.31308919033751220     
  0.28999999999995835       0.31828349164420056     
  0.29499999999995835       0.32346275135395169     
  0.29999999999995836       0.32862675481841047     
  0.30499999999995836       0.33377528954483088     
  0.30999999999995836       0.33890814522150481     
  0.31499999999995837       0.34402511374266487     
  0.31999999999995837       0.34912598923288768     
  0.32499999999995838       0.35421056807095724     
  0.32999999999995838       0.35927864891322292     
  0.33499999999995839       0.36433003271641179     
  0.33999999999995839       0.36936452275991521     
  0.34499999999995840       0.37438192466753578     
  0.34999999999995840       0.37938204642869972     
  0.35499999999995840       0.38436469841911491     
  0.35999999999995841       0.38932969342088863     
  0.36499999999995841       0.39427684664209156     
  0.36999999999995842       0.39920597573576933     
  0.37499999999995842       0.40411690081839963     
  0.37999999999995843       0.40900944448778215     
  0.38499999999995843       0.41388343184037807     
  0.38999999999995844       0.41873869048808093     
  0.39499999999995844       0.42357505057441674     
  0.39999999999995844       0.42839234479018806     
  0.40499999999995845       0.43319040838853512     
  0.40999999999995845       0.43796907919943823     
  0.41499999999995846       0.44272819764364291     
  0.41999999999995846       0.44746760674600544     
  0.42499999999995847       0.45218715214827676     
  0.42999999999995847       0.45688668212130440     
  0.43499999999995848       0.46156604757665337     
  0.43999999999995848       0.46622510207766055     
  0.44499999999995848       0.47086370184990783     
  0.44999999999995849       0.47548170579111754     
  0.45499999999995849       0.48007897548047279     
  0.45999999999995850       0.48465537518736007     
  0.46499999999995850       0.48921077187953943     
  0.46999999999995851       0.49374503523073199     
  0.47499999999995851       0.49825803762764326     
  0.47999999999995852       0.50274965417639939     
  0.48499999999995852       0.50721976270842450     
  0.48999999999995852       0.51166824378573439     
  0.49499999999995853       0.51609498070566484     
  0.49999999999995853       0.52049985950503930     
  0.50499999999995848       0.52488276896375496     
  0.50999999999995849       0.52924360060780962     
  0.51499999999995849       0.53358224871177717     
  0.51999999999995850       0.53789861030070241     
  0.52499999999995850       0.54219258515144930     
  0.52999999999995850       0.54646407579349332     
  0.53499999999995851       0.55071298750916264     
  0.53999999999995851       0.55493922833331377     
  0.54499999999995852       0.55914270905248453     
  0.54999999999995852       0.56332334320347932     
  0.55499999999995853       0.56748104707142588     
  0.55999999999995853       0.57161573968729829     
  0.56499999999995854       0.57572734282488880     
  0.56999999999995854       0.57981578099727193     
  0.57499999999995854       0.58388098145271905     
  0.57999999999995855       0.58792287417011169     
  0.58499999999995855       0.59194139185382089     
  0.58999999999995856       0.59593646992807592     
  0.59499999999995856       0.59990804653083507     
  0.59999999999995857       0.60385606250712831     
  0.60499999999995857       0.60778046140192576     
  0.60999999999995858       0.61168118945248195     
  0.61499999999995858       0.61555819558021907     
  0.61999999999995858       0.61941143138209354     
  0.62499999999995859       0.62324085112151006     
  0.62999999999995859       0.62704641171873654     
  0.63499999999995860       0.63082807274086816     
  0.63999999999995860       0.63458579639130308     
  0.64499999999995861       0.63831954749878406     
  0.64999999999995861       0.64202929350596893     
  0.65499999999995862       0.64571500445755947     
  0.65999999999995862       0.64937665298798664     
  0.66499999999995862       0.65301421430865625     
  0.66999999999995863       0.65662766619476953     
  0.67499999999995863       0.66021698897171954     
  0.67999999999995864       0.66378216550106250     
  0.68499999999995864       0.66732318116607969     
  0.68999999999995865       0.67084002385694763     
  0.69499999999995865       0.67433268395547963     
  0.69999999999995866       0.67780115431951060     
  0.70499999999995866       0.68124543026685846     
  0.70999999999995866       0.68466550955894812     
  0.71499999999995867       0.68806139238401709     
  0.71999999999995867       0.69143308133999593     
  0.72499999999995868       0.69478058141700505     
  0.72999999999995868       0.69810389997950506     
  0.73499999999995869       0.70140304674810638     
  0.73999999999995869       0.70467803378103777     
  0.74499999999995870       0.70792887545528271     
  0.74999999999995870       0.71115558844739613     
  0.75499999999995870       0.71435819171399717     
  0.75999999999995871       0.71753670647195744     
  0.76499999999995871       0.72069115617829205     
  0.76999999999995872       0.72382156650974305     
  0.77499999999995872       0.72692796534208437     
  0.77999999999995873       0.73001038272913854     
  0.78499999999995873       0.73306885088154117     
  0.78999999999995874       0.73610340414520437     
  0.79499999999995874       0.73911407897955783     
  0.79999999999995874       0.74210091393551370     
  0.80499999999995875       0.74506394963320222     
  0.80999999999995875       0.74800322873946634     
  0.81499999999995876       0.75091879594512589     
  0.81999999999995876       0.75381069794202959     
  0.82499999999995877       0.75667898339987916     
  0.82999999999995877       0.75952370294286442     
  0.83499999999995878       0.76234490912608488     
  0.83999999999995878       0.76514265641179224     
  0.84499999999995878       0.76791700114544714     
  0.84999999999995879       0.77066800153157977     
  0.85499999999995879       0.77339571760952153     
  0.85999999999995880       0.77610021122894168     
  0.86499999999995880       0.77878154602524363     
  0.86999999999995881       0.78143978739481501     
  0.87499999999995881       0.78407500247013961     
  0.87999999999995882       0.78668726009476697     
  0.88499999999995882       0.78927663079818255     
  0.88999999999995882       0.79184318677053378     
  0.89499999999995883       0.79438700183725974     
  0.89999999999995883       0.79690815143362703     
  0.90499999999995884       0.79940671257914708     
  0.90999999999995884       0.80188276385193846     
  0.91499999999995885       0.80433638536296881     
  0.91999999999995885       0.80676765873026968     
  0.92499999999995886       0.80917666705303937     
  0.92999999999995886       0.81156349488571988     
  0.93499999999995886       0.81392822821201127     
  0.93999999999995887       0.81627095441883002     
  0.94499999999995887       0.81859176227024300     
  0.94999999999995888       0.82089074188137379     
  0.95499999999995888       0.82316798469225294     
  0.95999999999995889       0.82542358344170585     
  0.96499999999995889       0.82765763214116406     
  0.96999999999995890       0.82987022604852256     
  0.97499999999995890       0.83206146164198069     
  0.97999999999995890       0.83423143659388121     
  0.98499999999995891       0.83638024974458791     
  0.98999999999995891       0.83850800107635703     
  0.99499999999995892       0.84061479168725350     
  0.99999999999995892       0.84270072376511340     
   1.0049999999999588       0.84476590056149770     
   1.0099999999999587       0.84681042636575565     
   1.0149999999999586       0.84883440647909214     
   1.0199999999999585       0.85083794718871142     
   1.0249999999999584       0.85282115574201733     
   1.0299999999999583       0.85478414032090955     
   1.0349999999999582       0.85672701001610152     
   1.0399999999999581       0.85864987480157351     
   1.0449999999999580       0.86055284550908340     
   1.0499999999999579       0.86243603380277178     
   1.0549999999999577       0.86429955215387333     
   1.0599999999999576       0.86614351381551924     
   1.0649999999999575       0.86796803279764945     
   1.0699999999999574       0.86977322384206035     
   1.0749999999999573       0.87155920239752316     
   1.0799999999999572       0.87332608459507344     
   1.0849999999999571       0.87507398722338992     
   1.0899999999999570       0.87680302770434859     
   1.0949999999999569       0.87851332406865446     
   1.0999999999999568       0.88020499493167448     
   1.1049999999999567       0.88187815946938020     
   1.1099999999999566       0.88353293739445127     
   1.1149999999999565       0.88516944893253102     
   1.1199999999999564       0.88678781479864643     
   1.1249999999999563       0.88838815617379030     
   1.1299999999999562       0.88997059468165740     
   1.1349999999999560       0.89153525236557729     
   1.1399999999999559       0.89308225166558974     
   1.1449999999999558       0.89461171539573370     
   1.1499999999999557       0.89612376672147687     
   1.1549999999999556       0.89761852913737528     
   1.1599999999999555       0.89909612644490011     
   1.1649999999999554       0.90055668273044032     
   1.1699999999999553       0.90200032234353489     
   1.1749999999999552       0.90342716987528149     
   1.1799999999999551       0.90483735013695665     
   1.1849999999999550       0.90623098813882919     
   1.1899999999999549       0.90760820906920425     
   1.1949999999999548       0.90896913827364656     
   1.1999999999999547       0.91031390123445033     
   1.2049999999999546       0.91164262355029435     
   1.2099999999999544       0.91295543091614018     
   1.2149999999999543       0.91425244910333670     
   1.2199999999999542       0.91553380393994588     
   1.2249999999999541       0.91679962129131087     
   1.2299999999999540       0.91805002704083749     
   1.2349999999999539       0.91928514707099551     
   1.2399999999999538       0.92050510724457835     
   1.2449999999999537       0.92171003338617541     
   1.2499999999999536       0.92290005126389552     
   1.2549999999999535       0.92407528657128590     
   1.2599999999999534       0.92523586490955800     
   1.2649999999999533       0.92638191176998619     
   1.2699999999999532       0.92751355251660128     
   1.2749999999999531       0.92863091236907791     
   1.2799999999999530       0.92973411638589576     
   1.2849999999999528       0.93082328944775172     
   1.2899999999999527       0.93189855624118711     
   1.2949999999999526       0.93296004124248810     
   1.2999999999999525       0.93400786870181973     
   1.3049999999999524       0.93504216262761364     
   1.3099999999999523       0.93606304677120633     
   1.3149999999999522       0.93707064461172496     
   1.3199999999999521       0.93806507934121641     
   1.3249999999999520       0.93904647385004136     
   1.3299999999999519       0.94001495071249541     
   1.3349999999999518       0.94097063217272792     
   1.3399999999999517       0.94191364013084278     
   1.3449999999999516       0.94284409612931552     
   1.3499999999999515       0.94376212133962767     
   1.3549999999999514       0.94466783654915409     
   1.3599999999999512       0.94556136214831721     
   1.3649999999999511       0.94644281811798492     
   1.3699999999999510       0.94731232401710275     
   1.3749999999999509       0.94816999897061005     
   1.3799999999999508       0.94901596165757252     
   1.3849999999999507       0.94985033029959176     
   1.3899999999999506       0.95067322264944665     
   1.3949999999999505       0.95148475597999460     
   1.3999999999999504       0.95228504707330430     
   1.4049999999999503       0.95307421221005761     
   1.4099999999999502       0.95385236715919031     
   1.4149999999999501       0.95461962716775550     
   1.4199999999999500       0.95537610695108011     
   1.4249999999999499       0.95612192068311574     
   1.4299999999999498       0.95685718198706471     
   1.4349999999999496       0.95758200392622561     
   1.4399999999999495       0.95829649899510960     
   1.4449999999999494       0.95900077911075021     
   1.4499999999999493       0.95969495560430795     
   1.4549999999999492       0.96037913921285123     
   1.4599999999999491       0.96105344007142990     
   1.4649999999999490       0.96171796770534279     
   1.4699999999999489       0.96237283102264704     
   1.4749999999999488       0.96301813830691008     
   1.4799999999999487       0.96365399721019440     
   1.4849999999999486       0.96428051474622778     
   1.4899999999999485       0.96489779728385805     
   1.4949999999999484       0.96550595054070576     
   1.4999999999999483       0.96610507957702474     
   1.5049999999999482       0.96669528878980504     
   1.5099999999999481       0.96727668190709537     
   1.5149999999999479       0.96784936198252136     
   1.5199999999999478       0.96841343139006031     
   1.5249999999999477       0.96896899181897067     
   1.5299999999999476       0.96951614426899224     
   1.5349999999999475       0.97005498904571663     
   1.5399999999999474       0.97058562575617868     
   1.5449999999999473       0.97110815330466782     
   1.5499999999999472       0.97162266988870427     
   1.5549999999999471       0.97212927299526053     
   1.5599999999999470       0.97262805939716201     
   1.5649999999999469       0.97311912514966203     
   1.5699999999999468       0.97360256558726987     
   1.5749999999999467       0.97407847532070957     
   1.5799999999999466       0.97454694823410193     
   1.5849999999999465       0.97500807748233909     
   1.5899999999999463       0.97546195548861947     
   1.5949999999999462       0.97590867394219583     
   1.5999999999999461       0.97634832379628134     
   1.6049999999999460       0.97678099526613882     
   1.6099999999999459       0.97720677782736964     
   1.6149999999999458       0.97762576021434433     
   1.6199999999999457       0.97803803041880966     
   1.6249999999999456       0.97844367568870416     
   1.6299999999999455       0.97884278252708357     
   1.6349999999999454       0.97923543669124102     
   1.6399999999999453       0.97962172319201368     
   1.6449999999999452       0.98000172629318671     
   1.6499999999999451       0.98037552951110674     
   1.6549999999999450       0.98074321561444278     
   1.6599999999999449       0.98110486662406982     
   1.6649999999999447       0.98146056381312985     
   1.6699999999999446       0.98181038770724471     
   1.6749999999999445       0.98215441808485315     
   1.6799999999999444       0.98249273397769243     
   1.6849999999999443       0.98282541367143417     
   1.6899999999999442       0.98315253470645925     
   1.6949999999999441       0.98347417387874170     
   1.6999999999999440       0.98379040724089573     
   1.7049999999999439       0.98410131010333013     
   1.7099999999999438       0.98440695703554471     
   1.7149999999999437       0.98470742186755422     
   1.7199999999999436       0.98500277769141076     
   1.7249999999999435       0.98529309686287814     
   1.7299999999999434       0.98557845100320129     
   1.7349999999999433       0.98585891100100376     
   1.7399999999999431       0.98613454701428926     
   1.7449999999999430       0.98640542847255586     
   1.7499999999999429       0.98667162407902886     
   1.7549999999999428       0.98693320181298549     
   1.7599999999999427       0.98719022893218433     
   1.7649999999999426       0.98744277197540242     
   1.7699999999999425       0.98769089676507005     
   1.7749999999999424       0.98793466840999100     
   1.7799999999999423       0.98817415130817654     
   1.7849999999999422       0.98840940914974929     
   1.7899999999999421       0.98864050491995015     
   1.7949999999999420       0.98886750090222164     
   1.7999999999999419       0.98909045868139112     
   1.8049999999999418       0.98930943914691449     
   1.8099999999999417       0.98952450249623569     
   1.8149999999999415       0.98973570823815937     
   1.8199999999999414       0.98994311519638600     
   1.8249999999999413       0.99014678151304214     
   1.8299999999999412       0.99034676465231886     
   1.8349999999999411       0.99054312140418810     
   1.8399999999999410       0.99073590788815624     
   1.8449999999999409       0.99092517955709924     
   1.8499999999999408       0.99111099120117163     
   1.8549999999999407       0.99129339695173735     
   1.8599999999999406       0.99147245028541031     
   1.8649999999999405       0.99164820402810694     
   1.8699999999999404       0.99182071035917874     
   1.8749999999999403       0.99199002081558774     
   1.8799999999999402       0.99215618629612534     
   1.8849999999999401       0.99231925706570112     
   1.8899999999999400       0.99247928275964814     
   1.8949999999999398       0.99263631238810546     
   1.8999999999999397       0.99279039434040817     
   1.9049999999999396       0.99294157638954539     
   1.9099999999999395       0.99308990569664901     
   1.9149999999999394       0.99323542881550675     
   1.9199999999999393       0.99337819169713515     
   1.9249999999999392       0.99351823969435105     
   1.9299999999999391       0.99365561756641230     
   1.9349999999999390       0.99379036948366950     
   1.9399999999999389       0.99392253903223293     
   1.9449999999999388       0.99405216921868877     
   1.9499999999999387       0.99417930247483832     
   1.9549999999999386       0.99430398066242509     
   1.9599999999999385       0.99442624507794797     
   1.9649999999999384       0.99454613645742884     
   1.9699999999999382       0.99466369498122797     
   1.9749999999999381       0.99477896027889345     
   1.9799999999999380       0.99489197143398378     
   1.9849999999999379       0.99500276698894130     
   1.9899999999999378       0.99511138494995877     
   1.9949999999999377       0.99521786279186009     
   1.9999999999999376       0.99532223746298942     
   2.0049999999999377       0.99542454539011838     
   2.0099999999999376       0.99552482248333640     
   2.0149999999999375       0.99562310414098243     
   2.0199999999999374       0.99571942525453661     
   2.0249999999999373       0.99581382021355469     
   2.0299999999999372       0.99590632291058034     
   2.0349999999999371       0.99599696674605553     
   2.0399999999999370       0.99608578463325237     
   2.0449999999999369       0.99617280900317895     
   2.0499999999999368       0.99625807180948578     
   2.0549999999999367       0.99634160453338905     
   2.0599999999999365       0.99642343818854928     
   2.0649999999999364       0.99650360332599186     
   2.0699999999999363       0.99658213003896212     
   2.0749999999999362       0.99665904796783134     
   2.0799999999999361       0.99673438630494082     
   2.0849999999999360       0.99680817379947417     
   2.0899999999999359       0.99688043876228827     
   2.0949999999999358       0.99695120907075652     
   2.0999999999999357       0.99702051217357701     
   2.1049999999999356       0.99708837509557813     
   2.1099999999999355       0.99715482444250481     
   2.1149999999999354       0.99721988640578652     
   2.1199999999999353       0.99728358676728979     
   2.1249999999999352       0.99734595090405986     
   2.1299999999999351       0.99740700379302871     
   2.1349999999999349       0.99746677001571471     
   2.1399999999999348       0.99752527376288969     
   2.1449999999999347       0.99758253883925052     
   2.1499999999999346       0.99763858866803090     
   2.1549999999999345       0.99769344629561962     
   2.1599999999999344       0.99774713439616203     
   2.1649999999999343       0.99779967527609326     
   2.1699999999999342       0.99785109087869361     
   2.1749999999999341       0.99790140278860573     
   2.1799999999999340       0.99795063223630687     
   2.1849999999999339       0.99799880010258701     
   2.1899999999999338       0.99804592692296012     
   2.1949999999999337       0.99809203289209636     
   2.1999999999999336       0.99813713786818503     
   2.2049999999999335       0.99818126137728580     
   2.2099999999999334       0.99822442261765854     
   2.2149999999999332       0.99826664046404856     
   2.2199999999999331       0.99830793347195668     
   2.2249999999999330       0.99834831988186290     
   2.2299999999999329       0.99838781762343731     
   2.2349999999999328       0.99842644431970684     
   2.2399999999999327       0.99846421729120005     
   2.2449999999999326       0.99850115356005498     
   2.2499999999999325       0.99853726985408930     
   2.2549999999999324       0.99857258261085857     
   2.2599999999999323       0.99860710798166052     
   2.2649999999999322       0.99864086183552025     
   2.2699999999999321       0.99867385976312739     
   2.2749999999999320       0.99870611708076196     
   2.2799999999999319       0.99873764883417115     
   2.2849999999999318       0.99876846980241230     
   2.2899999999999316       0.99879859450167663     
   2.2949999999999315       0.99882803718904845     
   2.2999999999999314       0.99885681186627640     
   2.3049999999999313       0.99888493228347031     
   2.3099999999999312       0.99891241194277025     
   2.3149999999999311       0.99893926410200196     
   2.3199999999999310       0.99896550177827570     
   2.3249999999999309       0.99899113775157056     
   2.3299999999999308       0.99901618456825259     
   2.3349999999999307       0.99904065454459434     
   2.3399999999999306       0.99906455977023823     
   2.3449999999999305       0.99908791211162051     
   2.3499999999999304       0.99911072321538030     
   2.3549999999999303       0.99913300451170950     
   2.3599999999999302       0.99915476721770102     
   2.3649999999999300       0.99917602234061653     
   2.3699999999999299       0.99919678068115247     
   2.3749999999999298       0.99921705283667062     
   2.3799999999999297       0.99923684920437417     
   2.3849999999999296       0.99925617998445826     
   2.3899999999999295       0.99927505518323911     
   2.3949999999999294       0.99929348461622391     
   2.3999999999999293       0.99931147791115604     
   2.4049999999999292       0.99932904451102966     
   2.4099999999999291       0.99934619367708288     
   2.4149999999999290       0.99936293449170599     
   2.4199999999999289       0.99937927586138919     
   2.4249999999999288       0.99939522651956136     
   2.4299999999999287       0.99941079502944552     
   2.4349999999999286       0.99942598978686459     
   2.4399999999999284       0.99944081902300885     
   2.4449999999999283       0.99945529080716722     
   2.4499999999999282       0.99946941304943970     
   2.4549999999999281       0.99948319350340220     
   2.4599999999999280       0.99949663976873515     
   2.4649999999999279       0.99950975929384422     
   2.4699999999999278       0.99952255937839840     
   2.4749999999999277       0.99953504717590469     
   2.4799999999999276       0.99954722969617771     
   2.4849999999999275       0.99955911380782170     
   2.4899999999999274       0.99957070624068589     
   2.4949999999999273       0.99958201358823451     
   2.4999999999999272       0.99959304230995005     
   2.5049999999999271       0.99960379873366478     
   2.5099999999999270       0.99961428905786409     
   2.5149999999999268       0.99962451935397434     
   2.5199999999999267       0.99963449556861039     
   2.5249999999999266       0.99964422352577786     
   2.5299999999999265       0.99965370892907623     
   2.5349999999999264       0.99966295736384436     
   2.5399999999999263       0.99967197429928145     
   2.5449999999999262       0.99968076509055070     
   2.5499999999999261       0.99968933498083179     
   2.5549999999999260       0.99969768910337131     
   2.5599999999999259       0.99970583248346545     
   2.5649999999999258       0.99971377004046047     
   2.5699999999999257       0.99972150658968439     
   2.5749999999999256       0.99972904684436137     
   2.5799999999999255       0.99973639541752302     
   2.5849999999999254       0.99974355682385296     
   2.5899999999999253       0.99975053548150694     
   2.5949999999999251       0.99975733571396641     
   2.5999999999999250       0.99976396175176696     
   2.6049999999999249       0.99977041773426856     
   2.6099999999999248       0.99977670771139504     
   2.6149999999999247       0.99978283564530956     
   2.6199999999999246       0.99978880541210380     
   2.6249999999999245       0.99979462080342740     
   2.6299999999999244       0.99980028552812883     
   2.6349999999999243       0.99980580321381773     
   2.6399999999999242       0.99981117740848069     
   2.6449999999999241       0.99981641158198331     
   2.6499999999999240       0.99982150912759793     
   2.6549999999999239       0.99982647336352226     
   2.6599999999999238       0.99983130753432903     
   2.6649999999999237       0.99983601481240836     
   2.6699999999999235       0.99984059829940841     
   2.6749999999999234       0.99984506102762793     
   2.6799999999999233       0.99984940596138727     
   2.6849999999999232       0.99985363599838606     
   2.6899999999999231       0.99985775397103360     
   2.6949999999999230       0.99986176264777149     
   2.6999999999999229       0.99986566473432859     
   2.7049999999999228       0.99986946287501954     
   2.7099999999999227       0.99987315965396906     
   2.7149999999999226       0.99987675759633721     
   2.7199999999999225       0.99988025916953116     
   2.7249999999999224       0.99988366678436780     
   2.7299999999999223       0.99988698279624688     
   2.7349999999999222       0.99989020950629015     
   2.7399999999999221       0.99989334916245387     
   2.7449999999999219       0.99989640396063995     
   2.7499999999999218       0.99989937604576462     
   2.7549999999999217       0.99990226751282718     
   2.7599999999999216       0.99990508040795789     
   2.7649999999999215       0.99990781672942841     
   2.7699999999999214       0.99991047842867153     
   2.7749999999999213       0.99991306741125763     
   2.7799999999999212       0.99991558553787718     
   2.7849999999999211       0.99991803462527418     
   2.7899999999999210       0.99992041644720486     
   2.7949999999999209       0.99992273273532706     
   2.7999999999999208       0.99992498518013018     
   2.8049999999999207       0.99992717543179999     
   2.8099999999999206       0.99992930510108802     
   2.8149999999999205       0.99993137576017976     
   2.8199999999999203       0.99993338894348993     
   2.8249999999999202       0.99993534614854118     
   2.8299999999999201       0.99993724883671520     
   2.8349999999999200       0.99993909843406714     
   2.8399999999999199       0.99994089633210403     
   2.8449999999999198       0.99994264388852661     
   2.8499999999999197       0.99994434242798680     
   2.8549999999999196       0.99994599324281030     
   2.8599999999999195       0.99994759759372120     
   2.8649999999999194       0.99994915671054019     
   2.8699999999999193       0.99995067179287023     
   2.8749999999999192       0.99995214401077881     
   2.8799999999999191       0.99995357450544975     
   2.8849999999999190       0.99995496438984044     
   2.8899999999999189       0.99995631474932190     
   2.8949999999999187       0.99995762664228183     
   2.8999999999999186       0.99995890110077446     
   2.9049999999999185       0.99996013913106607     
   2.9099999999999184       0.99996134171426820     
   2.9149999999999183       0.99996250980689216     
   2.9199999999999182       0.99996364434141538     
   2.9249999999999181       0.99996474622683551     
   2.9299999999999180       0.99996581634919823     
   2.9349999999999179       0.99996685557215781     
   2.9399999999999178       0.99996786473745503     
   2.9449999999999177       0.99996884466546732     
   2.9499999999999176       0.99996979615566783     
   2.9549999999999175       0.99997071998714082     
   2.9599999999999174       0.99997161691904590     
   2.9649999999999173       0.99997248769109448     
   2.9699999999999172       0.99997333302399039     
   2.9749999999999170       0.99997415361990338     
   2.9799999999999169       0.99997495016287219     
   2.9849999999999168       0.99997572331927942     
   2.9899999999999167       0.99997647373823018     
   2.9949999999999166       0.99997720205198593     
   2.9999999999999165       0.99997790887636739     
   3.0049999999999164       0.99997859481112239     
