#   x         y(x)            y(x)^2      classical p(x)    V
 -10.000  0.12190240E-21  0.14860196E-43  0.00000000E+00   50.000000
  -9.900  0.37466253E-21  0.14037201E-42  0.00000000E+00   49.005000
  -9.800  0.10212453E-20  0.10429421E-41  0.00000000E+00   48.020000
  -9.700  0.27177732E-20  0.73862913E-41  0.00000000E+00   47.045000
  -9.600  0.71463808E-20  0.51070758E-40  0.00000000E+00   46.080000
  -9.500  0.18597900E-19  0.34588187E-39  0.00000000E+00   45.125000
  -9.400  0.47912508E-19  0.22956084E-38  0.00000000E+00   44.180000
  -9.300  0.12219605E-18  0.14931875E-37  0.00000000E+00   43.245000
  -9.200  0.30852631E-18  0.95188486E-37  0.00000000E+00   42.320000
  -9.100  0.77117979E-18  0.59471827E-36  0.00000000E+00   41.405000
  -9.000  0.19083094E-17  0.36416446E-35  0.00000000E+00   40.500000
  -8.900  0.46749058E-17  0.21854744E-34  0.00000000E+00   39.605000
  -8.800  0.11337807E-16  0.12854587E-33  0.00000000E+00   38.720000
  -8.700  0.27221906E-16  0.74103216E-33  0.00000000E+00   37.845000
  -8.600  0.64705674E-16  0.41868242E-32  0.00000000E+00   36.980000
  -8.500  0.15226554E-15  0.23184795E-31  0.00000000E+00   36.125000
  -8.400  0.35472954E-15  0.12583305E-30  0.00000000E+00   35.280000
  -8.300  0.81814549E-15  0.66936205E-30  0.00000000E+00   34.445000
  -8.200  0.18681087E-14  0.34898300E-29  0.00000000E+00   33.620000
  -8.100  0.42229221E-14  0.17833071E-28  0.00000000E+00   32.805000
  -8.000  0.94507052E-14  0.89315830E-28  0.00000000E+00   32.000000
  -7.900  0.20939025E-13  0.43844276E-27  0.00000000E+00   31.205000
  -7.800  0.45929380E-13  0.21095080E-26  0.00000000E+00   30.420000
  -7.700  0.99739553E-13  0.99479784E-26  0.00000000E+00   29.645000
  -7.600  0.21443107E-12  0.45980682E-25  0.00000000E+00   28.880000
  -7.500  0.45640688E-12  0.20830724E-24  0.00000000E+00   28.125000
  -7.400  0.96174860E-12  0.92496036E-24  0.00000000E+00   27.380000
  -7.300  0.20063953E-11  0.40256221E-23  0.00000000E+00   26.645000
  -7.200  0.41439801E-11  0.17172571E-22  0.00000000E+00   25.920000
  -7.100  0.84735552E-11  0.71801137E-22  0.00000000E+00   25.205000
  -7.000  0.17153830E-10  0.29425387E-21  0.00000000E+00   24.500000
  -6.900  0.34379893E-10  0.11819770E-20  0.00000000E+00   23.805000
  -6.800  0.68217609E-10  0.46536422E-20  0.00000000E+00   23.120000
  -6.700  0.13401010E-09  0.17958707E-19  0.00000000E+00   22.445000
  -6.600  0.26063224E-09  0.67929165E-19  0.00000000E+00   21.780000
  -6.500  0.50184405E-09  0.25184745E-18  0.00000000E+00   21.125000
  -6.400  0.95666505E-09  0.91520802E-18  0.00000000E+00   20.480000
  -6.300  0.18055186E-08  0.32598973E-17  0.00000000E+00   19.845000
  -6.200  0.33736136E-08  0.11381269E-16  0.00000000E+00   19.220000
  -6.100  0.62408026E-08  0.38947617E-16  0.00000000E+00   18.605000
  -6.000  0.11429774E-07  0.13063973E-15  0.00000000E+00   18.000000
  -5.900  0.20724653E-07  0.42951126E-15  0.00000000E+00   17.405000
  -5.800  0.37204005E-07  0.13841380E-14  0.00000000E+00   16.820000
  -5.700  0.66121882E-07  0.43721033E-14  0.00000000E+00   16.245000
  -5.600  0.11634671E-06  0.13536557E-13  0.00000000E+00   15.680000
  -5.500  0.20268271E-06  0.41080279E-13  0.00000000E+00   15.125000
  -5.400  0.34956925E-06  0.12219866E-12  0.00000000E+00   14.580000
  -5.300  0.59690324E-06  0.35629348E-12  0.00000000E+00   14.045000
  -5.200  0.10090881E-05  0.10182588E-11  0.00000000E+00   13.520000
  -5.100  0.16889193E-05  0.28524484E-11  0.00000000E+00   13.005000
  -5.000  0.27986176E-05  0.78322606E-11  0.00000000E+00   12.500000
  -4.900  0.45912749E-05  0.21079805E-10  0.00000000E+00   12.005000
  -4.800  0.74572425E-05  0.55610466E-10  0.00000000E+00   11.520000
  -4.700  0.11991642E-04  0.14379948E-09  0.00000000E+00   11.045000
  -4.600  0.19091261E-04  0.36447625E-09  0.00000000E+00   10.580000
  -4.500  0.30091670E-04  0.90550863E-09  0.00000000E+00   10.125000
  -4.400  0.46958459E-04  0.22050969E-08  0.00000000E+00    9.680000
  -4.300  0.72549993E-04  0.52635014E-08  0.00000000E+00    9.245000
  -4.200  0.11097292E-03  0.12314989E-07  0.00000000E+00    8.820000
  -4.100  0.16805555E-03  0.28242669E-07  0.00000000E+00    8.405000
  -4.000  0.25196779E-03  0.63487770E-07  0.00000000E+00    8.000000
  -3.900  0.37401895E-03  0.13989018E-06  0.00000000E+00    7.605000
  -3.800  0.54966575E-03  0.30213244E-06  0.00000000E+00    7.220000
  -3.700  0.79976117E-03  0.63961793E-06  0.00000000E+00    6.845000
  -3.600  0.11520693E-02  0.13272636E-05  0.00000000E+00    6.480000
  -3.500  0.16430605E-02  0.26996478E-05  0.00000000E+00    6.125000
  -3.400  0.23199856E-02  0.53823331E-05  0.00000000E+00    5.780000
  -3.300  0.32432006E-02  0.10518350E-04  0.00000000E+00    5.445000
  -3.200  0.44886857E-02  0.20148299E-04  0.00000000E+00    5.120000
  -3.100  0.61506564E-02  0.37830574E-04  0.00000000E+00    4.805000
  -3.000  0.83441223E-02  0.69624377E-04  0.00000000E+00    4.500000
  -2.900  0.11207192E-01  0.12560115E-03  0.00000000E+00    4.205000
  -2.800  0.14902871E-01  0.22209556E-03  0.00000000E+00    3.920000
  -2.700  0.19620048E-01  0.38494628E-03  0.00000000E+00    3.645000
  -2.600  0.25573326E-01  0.65399498E-03  0.00000000E+00    3.380000
  -2.500  0.33001326E-01  0.10890875E-02  0.00000000E+00    3.125000
  -2.400  0.42163107E-01  0.17777276E-02  0.00000000E+00    2.880000
  -2.300  0.53332370E-01  0.28443417E-02  0.00000000E+00    2.645000
  -2.200  0.66789196E-01  0.44607967E-02  0.00000000E+00    2.420000
  -2.100  0.82809204E-01  0.68573643E-02  0.00000000E+00    2.205000
  -2.000  0.10165016E+00  0.10332755E-01  0.00000000E+00    2.000000
  -1.900  0.12353630E+00  0.15261217E-01  0.00000000E+00    1.805000
  -1.800  0.14864085E+00  0.22094101E-01  0.00000000E+00    1.620000
  -1.700  0.17706748E+00  0.31352893E-01  0.00000000E+00    1.445000
  -1.600  0.20883173E+00  0.43610693E-01  0.00000000E+00    1.280000
  -1.500  0.24384352E+00  0.59459664E-01  0.00000000E+00    1.125000
  -1.400  0.28189216E+00  0.79463188E-01  0.00000000E+00    0.980000
  -1.300  0.32263523E+00  0.10409349E+00  0.00000000E+00    0.845000
  -1.200  0.36559277E+00  0.13365807E+00  0.00000000E+00    0.720000
  -1.100  0.41014782E+00  0.16822124E+00  0.00000000E+00    0.605000
  -1.000  0.45556387E+00  0.20753844E+00  0.45078604E+01    0.500000
  -0.900  0.50097203E+00  0.25097297E+00  0.90815646E-01    0.405000
  -0.800  0.54542296E+00  0.29748621E+00  0.65982361E-01    0.320000
  -0.700  0.58790803E+00  0.34563585E+00  0.55438018E-01    0.245000
  -0.600  0.62739579E+00  0.39362548E+00  0.49489090E-01    0.180000
  -0.500  0.66287280E+00  0.43940035E+00  0.45716467E-01    0.125000
  -0.400  0.69338637E+00  0.48078465E+00  0.43198239E-01    0.080000
  -0.300  0.71808685E+00  0.51564872E+00  0.41503672E-01    0.045000
  -0.200  0.73626690E+00  0.54208894E+00  0.40408484E-01    0.020000
  -0.100  0.74739510E+00  0.55859943E+00  0.39791573E-01    0.005000
   0.000  0.75114174E+00  0.56421392E+00  0.39592131E-01    0.000000
   0.100  0.74739510E+00  0.55859943E+00  0.39791573E-01    0.005000
   0.200  0.73626690E+00  0.54208894E+00  0.40408484E-01    0.020000
   0.300  0.71808685E+00  0.51564872E+00  0.41503672E-01    0.045000
   0.400  0.69338637E+00  0.48078465E+00  0.43198239E-01    0.080000
   0.500  0.66287280E+00  0.43940035E+00  0.45716467E-01    0.125000
   0.600  0.62739579E+00  0.39362548E+00  0.49489090E-01    0.180000
   0.700  0.58790803E+00  0.34563585E+00  0.55438018E-01    0.245000
   0.800  0.54542296E+00  0.29748621E+00  0.65982361E-01    0.320000
   0.900  0.50097203E+00  0.25097297E+00  0.90815646E-01    0.405000
   1.000  0.45556387E+00  0.20753844E+00  0.45078604E+01    0.500000
   1.100  0.41014782E+00  0.16822124E+00  0.00000000E+00    0.605000
   1.200  0.36559277E+00  0.13365807E+00  0.00000000E+00    0.720000
   1.300  0.32263523E+00  0.10409349E+00  0.00000000E+00    0.845000
   1.400  0.28189216E+00  0.79463188E-01  0.00000000E+00    0.980000
   1.500  0.24384352E+00  0.59459664E-01  0.00000000E+00    1.125000
   1.600  0.20883173E+00  0.43610693E-01  0.00000000E+00    1.280000
   1.700  0.17706748E+00  0.31352893E-01  0.00000000E+00    1.445000
   1.800  0.14864085E+00  0.22094101E-01  0.00000000E+00    1.620000
   1.900  0.12353630E+00  0.15261217E-01  0.00000000E+00    1.805000
   2.000  0.10165016E+00  0.10332755E-01  0.00000000E+00    2.000000
   2.100  0.82809204E-01  0.68573643E-02  0.00000000E+00    2.205000
   2.200  0.66789196E-01  0.44607967E-02  0.00000000E+00    2.420000
   2.300  0.53332370E-01  0.28443417E-02  0.00000000E+00    2.645000
   2.400  0.42163107E-01  0.17777276E-02  0.00000000E+00    2.880000
   2.500  0.33001326E-01  0.10890875E-02  0.00000000E+00    3.125000
   2.600  0.25573326E-01  0.65399498E-03  0.00000000E+00    3.380000
   2.700  0.19620048E-01  0.38494628E-03  0.00000000E+00    3.645000
   2.800  0.14902871E-01  0.22209556E-03  0.00000000E+00    3.920000
   2.900  0.11207192E-01  0.12560115E-03  0.00000000E+00    4.205000
   3.000  0.83441223E-02  0.69624377E-04  0.00000000E+00    4.500000
   3.100  0.61506564E-02  0.37830574E-04  0.00000000E+00    4.805000
   3.200  0.44886857E-02  0.20148299E-04  0.00000000E+00    5.120000
   3.300  0.32432006E-02  0.10518350E-04  0.00000000E+00    5.445000
   3.400  0.23199856E-02  0.53823331E-05  0.00000000E+00    5.780000
   3.500  0.16430605E-02  0.26996478E-05  0.00000000E+00    6.125000
   3.600  0.11520693E-02  0.13272636E-05  0.00000000E+00    6.480000
   3.700  0.79976117E-03  0.63961793E-06  0.00000000E+00    6.845000
   3.800  0.54966575E-03  0.30213244E-06  0.00000000E+00    7.220000
   3.900  0.37401895E-03  0.13989018E-06  0.00000000E+00    7.605000
   4.000  0.25196779E-03  0.63487770E-07  0.00000000E+00    8.000000
   4.100  0.16805555E-03  0.28242669E-07  0.00000000E+00    8.405000
   4.200  0.11097292E-03  0.12314989E-07  0.00000000E+00    8.820000
   4.300  0.72549993E-04  0.52635014E-08  0.00000000E+00    9.245000
   4.400  0.46958459E-04  0.22050969E-08  0.00000000E+00    9.680000
   4.500  0.30091670E-04  0.90550863E-09  0.00000000E+00   10.125000
   4.600  0.19091261E-04  0.36447625E-09  0.00000000E+00   10.580000
   4.700  0.11991642E-04  0.14379948E-09  0.00000000E+00   11.045000
   4.800  0.74572425E-05  0.55610466E-10  0.00000000E+00   11.520000
   4.900  0.45912749E-05  0.21079805E-10  0.00000000E+00   12.005000
   5.000  0.27986176E-05  0.78322606E-11  0.00000000E+00   12.500000
   5.100  0.16889193E-05  0.28524484E-11  0.00000000E+00   13.005000
   5.200  0.10090881E-05  0.10182588E-11  0.00000000E+00   13.520000
   5.300  0.59690324E-06  0.35629348E-12  0.00000000E+00   14.045000
   5.400  0.34956925E-06  0.12219866E-12  0.00000000E+00   14.580000
   5.500  0.20268271E-06  0.41080279E-13  0.00000000E+00   15.125000
   5.600  0.11634671E-06  0.13536557E-13  0.00000000E+00   15.680000
   5.700  0.66121882E-07  0.43721033E-14  0.00000000E+00   16.245000
   5.800  0.37204005E-07  0.13841380E-14  0.00000000E+00   16.820000
   5.900  0.20724653E-07  0.42951126E-15  0.00000000E+00   17.405000
   6.000  0.11429774E-07  0.13063973E-15  0.00000000E+00   18.000000
   6.100  0.62408026E-08  0.38947617E-16  0.00000000E+00   18.605000
   6.200  0.33736136E-08  0.11381269E-16  0.00000000E+00   19.220000
   6.300  0.18055186E-08  0.32598973E-17  0.00000000E+00   19.845000
   6.400  0.95666505E-09  0.91520802E-18  0.00000000E+00   20.480000
   6.500  0.50184405E-09  0.25184745E-18  0.00000000E+00   21.125000
   6.600  0.26063224E-09  0.67929165E-19  0.00000000E+00   21.780000
   6.700  0.13401010E-09  0.17958707E-19  0.00000000E+00   22.445000
   6.800  0.68217609E-10  0.46536422E-20  0.00000000E+00   23.120000
   6.900  0.34379893E-10  0.11819770E-20  0.00000000E+00   23.805000
   7.000  0.17153830E-10  0.29425387E-21  0.00000000E+00   24.500000
   7.100  0.84735552E-11  0.71801137E-22  0.00000000E+00   25.205000
   7.200  0.41439801E-11  0.17172571E-22  0.00000000E+00   25.920000
   7.300  0.20063953E-11  0.40256221E-23  0.00000000E+00   26.645000
   7.400  0.96174860E-12  0.92496036E-24  0.00000000E+00   27.380000
   7.500  0.45640688E-12  0.20830724E-24  0.00000000E+00   28.125000
   7.600  0.21443107E-12  0.45980682E-25  0.00000000E+00   28.880000
   7.700  0.99739553E-13  0.99479784E-26  0.00000000E+00   29.645000
   7.800  0.45929380E-13  0.21095080E-26  0.00000000E+00   30.420000
   7.900  0.20939025E-13  0.43844276E-27  0.00000000E+00   31.205000
   8.000  0.94507052E-14  0.89315830E-28  0.00000000E+00   32.000000
   8.100  0.42229221E-14  0.17833071E-28  0.00000000E+00   32.805000
   8.200  0.18681087E-14  0.34898300E-29  0.00000000E+00   33.620000
   8.300  0.81814549E-15  0.66936205E-30  0.00000000E+00   34.445000
   8.400  0.35472954E-15  0.12583305E-30  0.00000000E+00   35.280000
   8.500  0.15226554E-15  0.23184795E-31  0.00000000E+00   36.125000
   8.600  0.64705674E-16  0.41868242E-32  0.00000000E+00   36.980000
   8.700  0.27221906E-16  0.74103216E-33  0.00000000E+00   37.845000
   8.800  0.11337807E-16  0.12854587E-33  0.00000000E+00   38.720000
   8.900  0.46749058E-17  0.21854744E-34  0.00000000E+00   39.605000
   9.000  0.19083094E-17  0.36416446E-35  0.00000000E+00   40.500000
   9.100  0.77117979E-18  0.59471827E-36  0.00000000E+00   41.405000
   9.200  0.30852631E-18  0.95188486E-37  0.00000000E+00   42.320000
   9.300  0.12219605E-18  0.14931875E-37  0.00000000E+00   43.245000
   9.400  0.47912508E-19  0.22956084E-38  0.00000000E+00   44.180000
   9.500  0.18597900E-19  0.34588187E-39  0.00000000E+00   45.125000
   9.600  0.71463808E-20  0.51070758E-40  0.00000000E+00   46.080000
   9.700  0.27177732E-20  0.73862913E-41  0.00000000E+00   47.045000
   9.800  0.10212453E-20  0.10429421E-41  0.00000000E+00   48.020000
   9.900  0.37466253E-21  0.14037201E-42  0.00000000E+00   49.005000
  10.000  0.12190240E-21  0.14860196E-43  0.00000000E+00   50.000000


