#   x         y(x)            y(x)^2      classical p(x)    V
 -10.000 -0.17221600E-20  0.29658351E-41  0.00000000E+00   50.000000
  -9.900 -0.52522427E-20  0.27586053E-40  0.00000000E+00   49.005000
  -9.800 -0.14179361E-19  0.20105426E-39  0.00000000E+00   48.020000
  -9.700 -0.37351307E-19  0.13951201E-38  0.00000000E+00   47.045000
  -9.600 -0.97197058E-19  0.94472680E-38  0.00000000E+00   46.080000
  -9.500 -0.25029377E-18  0.62646974E-37  0.00000000E+00   45.125000
  -9.400 -0.63797772E-18  0.40701557E-36  0.00000000E+00   44.180000
  -9.300 -0.16096664E-17  0.25910259E-35  0.00000000E+00   43.245000
  -9.200 -0.40201643E-17  0.16161721E-34  0.00000000E+00   42.320000
  -9.100 -0.99387067E-17  0.98777890E-34  0.00000000E+00   41.405000
  -9.000 -0.24321717E-16  0.59154592E-33  0.00000000E+00   40.500000
  -8.900 -0.58916498E-16  0.34711537E-32  0.00000000E+00   39.605000
  -8.800 -0.14127259E-15  0.19957944E-31  0.00000000E+00   38.720000
  -8.700 -0.33531811E-15  0.11243824E-30  0.00000000E+00   37.845000
  -8.600 -0.78783281E-15  0.62068054E-30  0.00000000E+00   36.980000
  -8.500 -0.18322670E-14  0.33572022E-29  0.00000000E+00   36.125000
  -8.400 -0.42181370E-14  0.17792680E-28  0.00000000E+00   35.280000
  -8.300 -0.96123462E-14  0.92397200E-28  0.00000000E+00   34.445000
  -8.200 -0.21682749E-13  0.47014162E-27  0.00000000E+00   33.620000
  -8.100 -0.48414436E-13  0.23439576E-26  0.00000000E+00   32.805000
  -8.000 -0.10700652E-12  0.11450396E-25  0.00000000E+00   32.000000
  -7.900 -0.23410982E-12  0.54807408E-25  0.00000000E+00   31.205000
  -7.800 -0.50699317E-12  0.25704207E-24  0.00000000E+00   30.420000
  -7.700 -0.10868176E-11  0.11811724E-23  0.00000000E+00   29.645000
  -7.600 -0.23061212E-11  0.53181952E-23  0.00000000E+00   28.880000
  -7.500 -0.48437011E-11  0.23461441E-22  0.00000000E+00   28.125000
  -7.400 -0.10070266E-10  0.10141025E-21  0.00000000E+00   27.380000
  -7.300 -0.20723898E-10  0.42947993E-21  0.00000000E+00   26.645000
  -7.200 -0.42215052E-10  0.17821107E-20  0.00000000E+00   25.920000
  -7.100 -0.85119081E-10  0.72452580E-20  0.00000000E+00   25.205000
  -7.000 -0.16988241E-09  0.28860034E-19  0.00000000E+00   24.500000
  -6.900 -0.33560612E-09  0.11263147E-18  0.00000000E+00   23.805000
  -6.800 -0.65624989E-09  0.43066392E-18  0.00000000E+00   23.120000
  -6.700 -0.12701772E-08  0.16133502E-17  0.00000000E+00   22.445000
  -6.600 -0.24333958E-08  0.59214152E-17  0.00000000E+00   21.780000
  -6.500 -0.46143662E-08  0.21292376E-16  0.00000000E+00   21.125000
  -6.400 -0.86608311E-08  0.75009995E-16  0.00000000E+00   20.480000
  -6.300 -0.16089867E-07  0.25888383E-15  0.00000000E+00   19.845000
  -6.200 -0.29586101E-07  0.87533739E-15  0.00000000E+00   19.220000
  -6.100 -0.53847087E-07  0.28995088E-14  0.00000000E+00   18.605000
  -6.000 -0.97000174E-07  0.94090338E-14  0.00000000E+00   18.000000
  -5.900 -0.17294780E-06  0.29910941E-13  0.00000000E+00   17.405000
  -5.800 -0.30520103E-06  0.93147667E-13  0.00000000E+00   16.820000
  -5.700 -0.53306642E-06  0.28415981E-12  0.00000000E+00   16.245000
  -5.600 -0.92150301E-06  0.84916779E-12  0.00000000E+00   15.680000
  -5.500 -0.15766226E-05  0.24857387E-11  0.00000000E+00   15.125000
  -5.400 -0.26697428E-05  0.71275269E-11  0.00000000E+00   14.580000
  -5.300 -0.44742136E-05  0.20018587E-10  0.00000000E+00   14.045000
  -5.200 -0.74210289E-05  0.55071670E-10  0.00000000E+00   13.520000
  -5.100 -0.12181643E-04  0.14839243E-09  0.00000000E+00   13.005000
  -5.000 -0.19789544E-04  0.39162605E-09  0.00000000E+00   12.500000
  -4.900 -0.31816126E-04  0.10122659E-08  0.00000000E+00   12.005000
  -4.800 -0.50621315E-04  0.25625175E-08  0.00000000E+00   11.520000
  -4.700 -0.79705206E-04  0.63529199E-08  0.00000000E+00   11.045000
  -4.600 -0.12419358E-03  0.15424045E-07  0.00000000E+00   10.580000
  -4.500 -0.19149713E-03  0.36671149E-07  0.00000000E+00   10.125000
  -4.400 -0.29219108E-03  0.85375628E-07  0.00000000E+00    9.680000
  -4.300 -0.44116746E-03  0.19462873E-06  0.00000000E+00    9.245000
  -4.200 -0.65911524E-03  0.43443290E-06  0.00000000E+00    8.820000
  -4.100 -0.97438228E-03  0.94942082E-06  0.00000000E+00    8.405000
  -4.000 -0.14252645E-02  0.20313789E-05  0.00000000E+00    8.000000
  -3.900 -0.20627501E-02  0.42549378E-05  0.00000000E+00    7.605000
  -3.800 -0.29537163E-02  0.87244399E-05  0.00000000E+00    7.220000
  -3.700 -0.41845311E-02  0.17510301E-04  0.00000000E+00    6.845000
  -3.600 -0.58649491E-02  0.34397627E-04  0.00000000E+00    6.480000
  -3.500 -0.81321106E-02  0.66131223E-04  0.00000000E+00    6.125000
  -3.400 -0.11154356E-01  0.12441966E-03  0.00000000E+00    5.780000
  -3.300 -0.15134456E-01  0.22905175E-03  0.00000000E+00    5.445000
  -3.200 -0.20311736E-01  0.41256664E-03  0.00000000E+00    5.120000
  -3.100 -0.26962487E-01  0.72697572E-03  0.00000000E+00    4.805000
  -3.000 -0.35397916E-01  0.12530124E-02  0.00000000E+00    4.500000
  -2.900 -0.45958900E-01  0.21122205E-02  0.00000000E+00    4.205000
  -2.800 -0.59006776E-01  0.34817996E-02  0.00000000E+00    3.920000
  -2.700 -0.74909497E-01  0.56114327E-02  0.00000000E+00    3.645000
  -2.600 -0.94022712E-01  0.88402704E-02  0.00000000E+00    3.380000
  -2.500 -0.11666559E+00  0.13610861E-01  0.00000000E+00    3.125000
  -2.400 -0.14309170E+00  0.20475234E-01  0.00000000E+00    2.880000
  -2.300 -0.17345567E+00  0.30086868E-01  0.00000000E+00    2.645000
  -2.200 -0.20777718E+00  0.43171354E-01  0.00000000E+00    2.420000
  -2.100 -0.24590422E+00  0.60468885E-01  0.00000000E+00    2.205000
  -2.000 -0.28747841E+00  0.82643833E-01  0.00000000E+00    2.000000
  -1.900 -0.33190545E+00  0.11016122E+00  0.00000000E+00    1.805000
  -1.800 -0.37833438E+00  0.14313690E+00  0.00000000E+00    1.620000
  -1.700 -0.42567072E+00  0.18119556E+00  0.96642774E+00    1.445000
  -1.600 -0.47251859E+00  0.22327382E+00  0.48347434E+00    1.280000
  -1.500 -0.51727084E+00  0.26756912E+00  0.37034067E+00    1.125000
  -1.400 -0.55813235E+00  0.31151172E+00  0.31450542E+00    0.980000
  -1.300 -0.59318498E+00  0.35186842E+00  0.28023086E+00    0.845000
  -1.200 -0.62047074E+00  0.38498394E+00  0.25679911E+00    0.720000
  -1.100 -0.63809003E+00  0.40715888E+00  0.23973538E+00    0.605000
  -1.000 -0.64430967E+00  0.41513495E+00  0.22680136E+00    0.500000
  -0.900 -0.63767422E+00  0.40662841E+00  0.21674051E+00    0.405000
  -0.800 -0.61711271E+00  0.38082810E+00  0.20878884E+00    0.320000
  -0.700 -0.58203250E+00  0.33876183E+00  0.20245443E+00    0.245000
  -0.600 -0.53239227E+00  0.28344153E+00  0.19740714E+00    0.180000
  -0.500 -0.46874695E+00  0.21972370E+00  0.19341894E+00    0.125000
  -0.400 -0.39225915E+00  0.15386724E+00  0.19032970E+00    0.080000
  -0.300 -0.30467423E+00  0.92826384E-01  0.18802671E+00    0.045000
  -0.200 -0.20825842E+00  0.43371568E-01  0.18643196E+00    0.020000
  -0.100 -0.10570303E+00  0.11173130E-01  0.18549438E+00    0.005000
   0.000  0.00000000E+00  0.00000000E+00  0.18518498E+00    0.000000
   0.100  0.10570303E+00  0.11173130E-01  0.18549438E+00    0.005000
   0.200  0.20825842E+00  0.43371568E-01  0.18643196E+00    0.020000
   0.300  0.30467423E+00  0.92826384E-01  0.18802671E+00    0.045000
   0.400  0.39225915E+00  0.15386724E+00  0.19032970E+00    0.080000
   0.500  0.46874695E+00  0.21972370E+00  0.19341894E+00    0.125000
   0.600  0.53239227E+00  0.28344153E+00  0.19740714E+00    0.180000
   0.700  0.58203250E+00  0.33876183E+00  0.20245443E+00    0.245000
   0.800  0.61711271E+00  0.38082810E+00  0.20878884E+00    0.320000
   0.900  0.63767422E+00  0.40662841E+00  0.21674051E+00    0.405000
   1.000  0.64430967E+00  0.41513495E+00  0.22680136E+00    0.500000
   1.100  0.63809003E+00  0.40715888E+00  0.23973538E+00    0.605000
   1.200  0.62047074E+00  0.38498394E+00  0.25679911E+00    0.720000
   1.300  0.59318498E+00  0.35186842E+00  0.28023086E+00    0.845000
   1.400  0.55813235E+00  0.31151172E+00  0.31450542E+00    0.980000
   1.500  0.51727084E+00  0.26756912E+00  0.37034067E+00    1.125000
   1.600  0.47251859E+00  0.22327382E+00  0.48347434E+00    1.280000
   1.700  0.42567072E+00  0.18119556E+00  0.96642774E+00    1.445000
   1.800  0.37833438E+00  0.14313690E+00  0.00000000E+00    1.620000
   1.900  0.33190545E+00  0.11016122E+00  0.00000000E+00    1.805000
   2.000  0.28747841E+00  0.82643833E-01  0.00000000E+00    2.000000
   2.100  0.24590422E+00  0.60468885E-01  0.00000000E+00    2.205000
   2.200  0.20777718E+00  0.43171354E-01  0.00000000E+00    2.420000
   2.300  0.17345567E+00  0.30086868E-01  0.00000000E+00    2.645000
   2.400  0.14309170E+00  0.20475234E-01  0.00000000E+00    2.880000
   2.500  0.11666559E+00  0.13610861E-01  0.00000000E+00    3.125000
   2.600  0.94022712E-01  0.88402704E-02  0.00000000E+00    3.380000
   2.700  0.74909497E-01  0.56114327E-02  0.00000000E+00    3.645000
   2.800  0.59006776E-01  0.34817996E-02  0.00000000E+00    3.920000
   2.900  0.45958900E-01  0.21122205E-02  0.00000000E+00    4.205000
   3.000  0.35397916E-01  0.12530124E-02  0.00000000E+00    4.500000
   3.100  0.26962487E-01  0.72697572E-03  0.00000000E+00    4.805000
   3.200  0.20311736E-01  0.41256664E-03  0.00000000E+00    5.120000
   3.300  0.15134456E-01  0.22905175E-03  0.00000000E+00    5.445000
   3.400  0.11154356E-01  0.12441966E-03  0.00000000E+00    5.780000
   3.500  0.81321106E-02  0.66131223E-04  0.00000000E+00    6.125000
   3.600  0.58649491E-02  0.34397627E-04  0.00000000E+00    6.480000
   3.700  0.41845311E-02  0.17510301E-04  0.00000000E+00    6.845000
   3.800  0.29537163E-02  0.87244399E-05  0.00000000E+00    7.220000
   3.900  0.20627501E-02  0.42549378E-05  0.00000000E+00    7.605000
   4.000  0.14252645E-02  0.20313789E-05  0.00000000E+00    8.000000
   4.100  0.97438228E-03  0.94942082E-06  0.00000000E+00    8.405000
   4.200  0.65911524E-03  0.43443290E-06  0.00000000E+00    8.820000
   4.300  0.44116746E-03  0.19462873E-06  0.00000000E+00    9.245000
   4.400  0.29219108E-03  0.85375628E-07  0.00000000E+00    9.680000
   4.500  0.19149713E-03  0.36671149E-07  0.00000000E+00   10.125000
   4.600  0.12419358E-03  0.15424045E-07  0.00000000E+00   10.580000
   4.700  0.79705206E-04  0.63529199E-08  0.00000000E+00   11.045000
   4.800  0.50621315E-04  0.25625175E-08  0.00000000E+00   11.520000
   4.900  0.31816126E-04  0.10122659E-08  0.00000000E+00   12.005000
   5.000  0.19789544E-04  0.39162605E-09  0.00000000E+00   12.500000
   5.100  0.12181643E-04  0.14839243E-09  0.00000000E+00   13.005000
   5.200  0.74210289E-05  0.55071670E-10  0.00000000E+00   13.520000
   5.300  0.44742136E-05  0.20018587E-10  0.00000000E+00   14.045000
   5.400  0.26697428E-05  0.71275269E-11  0.00000000E+00   14.580000
   5.500  0.15766226E-05  0.24857387E-11  0.00000000E+00   15.125000
   5.600  0.92150301E-06  0.84916779E-12  0.00000000E+00   15.680000
   5.700  0.53306642E-06  0.28415981E-12  0.00000000E+00   16.245000
   5.800  0.30520103E-06  0.93147667E-13  0.00000000E+00   16.820000
   5.900  0.17294780E-06  0.29910941E-13  0.00000000E+00   17.405000
   6.000  0.97000174E-07  0.94090338E-14  0.00000000E+00   18.000000
   6.100  0.53847087E-07  0.28995088E-14  0.00000000E+00   18.605000
   6.200  0.29586101E-07  0.87533739E-15  0.00000000E+00   19.220000
   6.300  0.16089867E-07  0.25888383E-15  0.00000000E+00   19.845000
   6.400  0.86608311E-08  0.75009995E-16  0.00000000E+00   20.480000
   6.500  0.46143662E-08  0.21292376E-16  0.00000000E+00   21.125000
   6.600  0.24333958E-08  0.59214152E-17  0.00000000E+00   21.780000
   6.700  0.12701772E-08  0.16133502E-17  0.00000000E+00   22.445000
   6.800  0.65624989E-09  0.43066392E-18  0.00000000E+00   23.120000
   6.900  0.33560612E-09  0.11263147E-18  0.00000000E+00   23.805000
   7.000  0.16988241E-09  0.28860034E-19  0.00000000E+00   24.500000
   7.100  0.85119081E-10  0.72452580E-20  0.00000000E+00   25.205000
   7.200  0.42215052E-10  0.17821107E-20  0.00000000E+00   25.920000
   7.300  0.20723898E-10  0.42947993E-21  0.00000000E+00   26.645000
   7.400  0.10070266E-10  0.10141025E-21  0.00000000E+00   27.380000
   7.500  0.48437011E-11  0.23461441E-22  0.00000000E+00   28.125000
   7.600  0.23061212E-11  0.53181952E-23  0.00000000E+00   28.880000
   7.700  0.10868176E-11  0.11811724E-23  0.00000000E+00   29.645000
   7.800  0.50699317E-12  0.25704207E-24  0.00000000E+00   30.420000
   7.900  0.23410982E-12  0.54807408E-25  0.00000000E+00   31.205000
   8.000  0.10700652E-12  0.11450396E-25  0.00000000E+00   32.000000
   8.100  0.48414436E-13  0.23439576E-26  0.00000000E+00   32.805000
   8.200  0.21682749E-13  0.47014162E-27  0.00000000E+00   33.620000
   8.300  0.96123462E-14  0.92397200E-28  0.00000000E+00   34.445000
   8.400  0.42181370E-14  0.17792680E-28  0.00000000E+00   35.280000
   8.500  0.18322670E-14  0.33572022E-29  0.00000000E+00   36.125000
   8.600  0.78783281E-15  0.62068054E-30  0.00000000E+00   36.980000
   8.700  0.33531811E-15  0.11243824E-30  0.00000000E+00   37.845000
   8.800  0.14127259E-15  0.19957944E-31  0.00000000E+00   38.720000
   8.900  0.58916498E-16  0.34711537E-32  0.00000000E+00   39.605000
   9.000  0.24321717E-16  0.59154592E-33  0.00000000E+00   40.500000
   9.100  0.99387067E-17  0.98777890E-34  0.00000000E+00   41.405000
   9.200  0.40201643E-17  0.16161721E-34  0.00000000E+00   42.320000
   9.300  0.16096664E-17  0.25910259E-35  0.00000000E+00   43.245000
   9.400  0.63797772E-18  0.40701557E-36  0.00000000E+00   44.180000
   9.500  0.25029377E-18  0.62646974E-37  0.00000000E+00   45.125000
   9.600  0.97197058E-19  0.94472680E-38  0.00000000E+00   46.080000
   9.700  0.37351307E-19  0.13951201E-38  0.00000000E+00   47.045000
   9.800  0.14179361E-19  0.20105426E-39  0.00000000E+00   48.020000
   9.900  0.52522427E-20  0.27586053E-40  0.00000000E+00   49.005000
  10.000  0.17221600E-20  0.29658351E-41  0.00000000E+00   50.000000


